st_date	st_time	WS	airT	Pair	emis_NH3	emis_CH4	emis_N2O	emis_NH3_gap	emis_CH4_gap	emis_N2O_gap	cum_NH3_gN	cum_CH4_gCH4	cum_N2O_mgN
2022-11-24	10:30:00	2.137416856	6.028971852	102175.1624	0.220441576	0.176692012	-2.194739646	0.220441576	0.176692012	-2.194739646	NaN	NaN	NaN
2022-11-24	11:00:00	2.285491286	5.991064729	102210.0569	0.583730352	0.292228321	-1.570466677	0.583730352	0.292228321	-1.570466677	NaN	NaN	NaN
2022-11-24	11:30:00	3.02248828	6.020738464	102156.541	18.35075595	-0.054916064	0.002584591	18.35075595	-0.054916064	0.002584591	NaN	NaN	NaN
2022-11-24	12:00:00	2.728575413	6.305404007	102180.707	17.79238242	-0.151111702	0.120533019	17.79238242	-0.151111702	0.120533019	0.026339182	-0.000272001	0.069045185
2022-11-24	12:30:00	2.360795512	6.454953519	102236.2165	9.250384725	0.202025417	0.065904473	9.250384725	0.202025417	0.065904473	0.040033108	9.16E-05	0.106797383
2022-11-24	13:00:00	2.135054067	6.586754499	102304.3159	10.46070207	0.19592525	0.234805184	10.46070207	0.19592525	0.234805184	0.055518743	0.00044431	0.241301334
2022-11-24	13:30:00	2.302925066	6.685835576	102349.8759	11.25615137	0.235158306	-0.291690467	11.25615137	0.235158306	-0.291690467	0.072181932	0.000867595	0.074211666
2022-11-24	14:00:00	1.891875039	6.779068776	102336.0963	6.569226984	0.152204336	-0.050190446	6.569226984	0.152204336	-0.050190446	0.081906771	0.001141563	0.045460967
2022-11-24	14:30:00	2.441862449	6.750898072	102388.8745	8.608720965	0.177264729	0.369370327	8.608720965	0.177264729	0.369370327	0.094650802	0.001460639	0.257048154
2022-11-24	15:00:00	NaN	NaN	NaN	NaN	NaN	NaN	8.269377402	0.143209223	0.339870633	0.106892482	0.001718416	0.451736969
2022-11-24	15:30:00	2.082182543	6.72432249	102397.1668	7.930033839	0.109153717	0.310370939	7.930033839	0.109153717	0.310370939	0.118631809	0.001914893	0.629527411
2022-11-24	16:00:00	1.901087647	6.680300615	102408.3194	6.544135742	0.214248831	-0.110996589	6.544135742	0.214248831	-0.110996589	0.128319505	0.002300541	0.565945
2022-11-24	16:30:00	2.227153216	6.688611907	102424.9808	7.296183653	0.260160396	0.305684386	7.296183653	0.260160396	0.305684386	0.139120504	0.002768829	0.741050834
2022-11-24	17:00:00	NaN	NaN	NaN	NaN	NaN	NaN	6.230068048	0.195464099	0.306355192	0.148343265	0.003120665	0.916540927
2022-11-24	17:30:00	1.923945222	6.681236807	102441.6579	5.163952444	0.130767801	0.307025998	5.163952444	0.130767801	0.307025998	0.155987789	0.003356047	1.09241528
2022-11-24	18:00:00	2.179253337	6.643602209	102449.9598	5.772815954	0.060498212	-0.333999417	5.772815954	0.060498212	-0.333999417	0.164533651	0.003464944	0.901089687
2022-11-24	18:30:00	2.283873057	6.524686561	102491.5857	6.163027881	0.03797528	-0.156207253	6.163027881	0.03797528	-0.156207253	0.173657169	0.003533299	0.811609155
2022-11-24	19:00:00	2.149311287	6.532346421	102499.9091	5.645335869	0.019799903	0.068101441	5.645335869	0.019799903	0.068101441	0.182014315	0.003568939	0.850619848
2022-11-24	19:30:00	1.899691858	6.356193089	102547.7864	3.823051642	-0.027864856	0.493735268	3.823051642	-0.027864856	0.493735268	0.187673818	0.003518782	1.133447267
2022-11-24	20:00:00	1.995347512	6.325846288	102602.6376	5.017632238	0.163710655	-0.169039336	5.017632238	0.163710655	-0.169039336	0.195101735	0.003813461	1.036616106
2022-11-24	20:30:00	2.237494697	6.369878445	102647.1969	4.707845567	0.149716414	-1.114809235	4.707845567	0.149716414	-1.114809235	0.202071054	0.004082951	0.398017571
2022-11-24	21:00:00	2.218745065	6.378876071	102661.1606	4.207097126	0.262129946	0.137441239	4.207097126	0.262129946	0.137441239	0.208299085	0.004554785	0.476748327
2022-11-24	21:30:00	1.819427263	6.417925036	102722.091	3.996268965	0.168683673	0.156520345	3.996268965	0.168683673	0.156520345	0.214215013	0.004858415	0.566408208
2022-11-24	22:00:00	1.778339929	6.485918759	102674.9293	3.877066127	0.177356583	0.331314507	3.877066127	0.177356583	0.331314507	0.219954478	0.005177657	0.756195798
2022-11-24	22:30:00	1.943276727	6.498780479	102674.8725	4.691586478	0.19454281	0.342825877	4.691586478	0.19454281	0.342825877	0.226899728	0.005527834	0.952577471
2022-11-24	23:00:00	2.35524818	6.515980125	102688.8236	4.398532808	0.15102711	-0.3733464	4.398532808	0.15102711	-0.3733464	0.233411153	0.005799683	0.738712663
2022-11-24	23:30:00	1.88415878	6.524183616	102764.0001	4.934999566	0.266268946	0.676448064	4.934999566	0.266268946	0.676448064	0.240716743	0.006278967	1.126203839
2022-11-25	00:00:00	2.181594705	6.550986683	102763.6713	5.117855524	0.207792562	0.065515024	5.117855524	0.207792562	0.065515024	0.248293026	0.006652994	1.163732949
2022-11-25	00:30:00	1.993778806	6.572813396	102783.2762	4.237903833	0.13694331	-0.466177981	4.237903833	0.13694331	-0.466177981	0.254566662	0.006899492	0.896691229
2022-11-25	01:00:00	2.10522784	6.612547978	102763.7222	3.450651666	0.184965146	0.050003815	3.450651666	0.184965146	0.050003815	0.259674878	0.007232429	0.92533502
2022-11-25	01:30:00	1.965481633	6.584013846	102778.0987	2.823720931	0.232700578	-0.146754212	2.823720931	0.232700578	-0.146754212	0.26385501	0.00765129	0.841269494
2022-11-25	02:00:00	NaN	NaN	NaN	NaN	NaN	NaN	4.465497715	0.116765163	-0.091983174	0.270465567	0.007861467	0.788578578
2022-11-25	02:30:00	2.193692386	6.423340207	102680.6864	6.107274499	0.000829747	-0.037212135	6.107274499	0.000829747	-0.037212135	0.279506549	0.007862961	0.767262272
2022-11-25	03:00:00	2.148897477	6.2873441	102711.0494	4.988276557	-2.811604184	0.356095381	4.988276557	-2.811604184	0.356095381	0.286891009	0.002802073	0.971245143
2022-11-25	03:30:00	2.842221349	6.344770177	102716.6661	5.657342929	-0.072632055	0.479330331	5.657342929	-0.072632055	0.479330331	0.295265929	0.002671336	1.245820952
2022-11-25	04:00:00	2.49443937	6.158472072	102709.236	4.562721053	-1.004987514	-0.334765692	4.562721053	-1.004987514	-0.334765692	0.302020412	0.000862358	1.054056412
2022-11-25	04:30:00	3.005733305	6.127039005	102718.5202	4.940640963	-0.305060955	-0.139729383	4.940640963	-0.305060955	-0.139729383	0.309334353	0.000313248	0.974014933
2022-11-25	05:00:00	NaN	NaN	NaN	NaN	NaN	NaN	4.688171369	0.003997754	-0.05870917	0.316274548	0.000320444	0.940384436
2022-11-25	05:30:00	2.811936537	6.844780421	102643.5978	4.435701776	0.313056462	0.022311044	4.435701776	0.313056462	0.022311044	0.322840996	0.000883946	0.953164918
2022-11-25	06:00:00	2.906739277	6.96086914	102677.8244	4.148506098	0.29276414	-1.207967345	4.148506098	0.29276414	-1.207967345	0.328982291	0.001410921	0.261202425
2022-11-25	06:30:00	3.244898656	6.778581915	102698.5249	4.318706048	0.23044746	0.127487736	4.318706048	0.23044746	0.127487736	0.335375543	0.001825727	0.334231495
2022-11-25	07:00:00	NaN	NaN	NaN	NaN	NaN	NaN	3.578929555	0.248764955	-0.101927535	0.340673657	0.002273504	0.275844129
2022-11-25	07:30:00	2.953345488	6.601309757	102665.3236	2.839153063	0.267082449	-0.331342807	2.839153063	0.267082449	-0.331342807	0.344876634	0.002754252	0.086040327
2022-11-25	08:00:00	2.934230733	6.604671885	102744.3986	3.508380697	0.13035446	-0.598431902	3.508380697	0.13035446	-0.598431902	0.35007031	0.00298889	-0.256760686
2022-11-25	08:30:00	2.861599127	6.690215437	102808.3517	3.344685334	0.280145257	-0.10683954	3.344685334	0.280145257	-0.10683954	0.355021658	0.003493152	-0.317961806
2022-11-25	09:00:00	3.142946133	6.920568543	102811.0494	3.318472001	0.268731012	0.268423395	3.318472001	0.268731012	0.268423395	0.359934201	0.003976867	-0.164200264
2022-11-25	09:30:00	3.198513054	7.090005244	102844.5163	3.665863556	0.337959157	0.761775294	3.665863556	0.337959157	0.761775294	0.365361009	0.004585194	0.272169091
2022-11-25	10:00:00	3.681393795	7.160337165	102813.7172	4.471965295	0.281824405	-0.563401364	4.471965295	0.281824405	-0.563401364	0.371981141	0.005092478	-0.050565306
2022-11-25	10:30:00	3.470933476	7.214109445	102783.6007	4.682227879	0.096894808	0.134206584	4.682227879	0.096894808	0.134206584	0.378912537	0.005266889	0.026312536
2022-11-25	11:00:00	3.475035392	7.169748489	102861.1556	4.364051126	-0.032685345	-1.012418937	4.364051126	-0.032685345	-1.012418937	0.385372916	0.005208055	-0.553633548
2022-11-25	11:30:00	3.062085253	7.158665548	102866.8135	3.330687268	0.068924735	-0.97741898	3.330687268	0.068924735	-0.97741898	0.390303542	0.005332119	-1.113530532
2022-11-25	12:00:00	2.435623159	7.131149864	102813.9439	2.4197681	0.175986803	-0.532401879	2.4197681	0.175986803	-0.532401879	0.393885677	0.005648896	-1.418507428
2022-11-25	12:30:00	3.073819535	7.037119782	102849.9161	2.678740406	0.238348772	-0.810064059	2.678740406	0.238348772	-0.810064059	0.397851185	0.006077923	-1.882538138
2022-11-25	13:00:00	2.978726045	6.782037477	102852.629	2.131235461	0.211662479	-0.270879407	2.131235461	0.211662479	-0.270879407	0.401006187	0.006458916	-2.037706562
2022-11-25	13:30:00	3.012701483	6.587484967	102872.1542	2.002709211	0.23419822	-1.009922905	2.002709211	0.23419822	-1.009922905	0.403970923	0.006880473	-2.616222839
2022-11-25	14:00:00	2.849151679	6.505047562	102877.7751	1.832600321	0.235199143	-0.32456651	1.832600321	0.235199143	-0.32456651	0.406683836	0.007303831	-2.80214496
2022-11-25	14:30:00	NaN	NaN	NaN	NaN	NaN	NaN	1.602651891	0.199207616	-0.475036721	0.409056343	0.007662405	-3.074261251
2022-11-25	15:00:00	2.664609046	6.322448081	102824.8829	1.37270346	0.163216089	-0.625506931	1.37270346	0.163216089	-0.625506931	0.411088442	0.007956194	-3.432571711
2022-11-25	15:30:00	2.487904626	6.240904231	102888.9941	1.168178624	0.107664188	0.061468117	1.168178624	0.107664188	0.061468117	0.41281777	0.008149989	-3.397360799
2022-11-25	16:00:00	2.308104513	6.219601901	102905.5748	0.886773239	0.136000872	0.688267784	0.886773239	0.136000872	0.688267784	0.414130516	0.008394791	-3.003098907
2022-11-25	16:30:00	2.36430778	6.196599923	102908.3517	0.994650747	0.177972587	-1.002468013	0.994650747	0.177972587	-1.002468013	0.41560296	0.008715142	-3.577344782
2022-11-25	17:00:00	2.287629668	6.195803746	102919.3598	0.868733343	0.253959948	-0.304265739	0.868733343	0.253959948	-0.304265739	0.416889001	0.00917227	-3.751637969
2022-11-25	17:30:00	2.270455305	6.195240941	102950.0577	0.870766659	0.116152286	0.062631216	0.870766659	0.116152286	0.062631216	0.418178052	0.009381344	-3.715760797
2022-11-25	18:00:00	2.407062677	6.222930366	102955.5536	1.090805947	0.230288758	-0.053245748	1.090805947	0.230288758	-0.053245748	0.41979284	0.009795863	-3.746261672
2022-11-25	18:30:00	2.372337741	6.284621188	102961.0046	0.963886433	0.08654032	-0.177264435	0.963886433	0.08654032	-0.177264435	0.421219742	0.009951636	-3.847804433
2022-11-25	19:00:00	2.342961578	6.294022491	103099.9371	0.931833207	-0.090146949	-0.241442006	0.931833207	-0.090146949	-0.241442006	0.422599193	0.009789371	-3.986110169
2022-11-25	19:30:00	2.349215662	6.309016222	103091.5641	0.877641921	-0.07987116	-0.080280521	0.877641921	-0.07987116	-0.080280521	0.423898422	0.009645603	-4.03209743
2022-11-25	20:00:00	2.228154292	6.318358146	103149.1962	0.91485975	0.059626834	-0.676038528	0.91485975	0.059626834	-0.676038528	0.425252746	0.009752932	-4.419354012
2022-11-25	20:30:00	NaN	NaN	NaN	NaN	NaN	NaN	0.797987284	0.08116869	-0.450724754	0.426434057	0.009899035	-4.677543627
2022-11-25	21:00:00	1.904011369	6.267906017	103330.7192	0.681114817	0.102710546	-0.22541098	0.681114817	0.102710546	-0.22541098	0.427442354	0.010083914	-4.806666276
2022-11-25	21:30:00	1.990415792	6.272939818	103330.6333	0.608137855	-0.001502421	-0.71857365	0.608137855	-0.001502421	-0.71857365	0.428342619	0.01008121	-5.218288342
2022-11-25	22:00:00	1.885681746	6.291357615	103380.5656	0.618047803	0.052262321	-0.715060269	0.618047803	0.052262321	-0.715060269	0.429257554	0.010175282	-5.62789783
2022-11-25	22:30:00	1.751129195	6.34434085	103380.5454	0.588361164	0.201853535	0.003562333	0.588361164	0.201853535	0.003562333	0.430128542	0.010538619	-5.625857211
2022-11-25	23:00:00	1.850417008	6.372652733	103391.6818	0.614848984	0.151897502	-0.678619145	0.614848984	0.151897502	-0.678619145	0.431038741	0.010812034	-6.014592054
2022-11-25	23:30:00	1.489805286	6.438853187	103397.2379	0.723464182	-0.013938566	-0.287482166	0.723464182	-0.013938566	-0.287482166	0.432109731	0.010786945	-6.179271071
2022-11-26	00:00:00	1.503384709	6.480864448	103427.7846	0.857613128	0.091591375	-1.372618451	0.857613128	0.091591375	-1.372618451	0.433379309	0.010951809	-6.965551006
2022-11-26	00:30:00	1.352083183	6.480694823	103450.0769	0.545449543	0.117489981	-0.168399634	0.545449543	0.117489981	-0.168399634	0.434186773	0.011163291	-7.062015725
2022-11-26	01:00:00	1.636401442	6.384726784	103513.7412	0.815234715	-0.150512979	-0.535634375	0.815234715	-0.150512979	-0.535634375	0.435393616	0.010892368	-7.368844298
2022-11-26	01:30:00	1.490760993	6.348713532	103539.9497	0.754899321	0.174227458	-0.507590796	0.754899321	0.174227458	-0.507590796	0.436511141	0.011205977	-7.659608608
2022-11-26	02:00:00	1.989550157	6.18785033	103560.1859	1.245345219	0.709433444	-0.990079311	1.245345219	0.709433444	-0.990079311	0.438354704	0.012482957	-8.226757837
2022-11-26	02:30:00	1.625655526	6.045024443	103566.3349	1.001539163	0.451628207	-0.237680912	1.001539163	0.451628207	-0.237680912	0.439837345	0.013295888	-8.362909097
2022-11-26	03:00:00	1.74725577	5.743048678	103641.9045	1.06569796	0.571720758	-1.193538248	1.06569796	0.571720758	-1.193538248	0.441414965	0.014324985	-9.046606139
2022-11-26	03:30:00	1.374582159	5.662847805	103689.482	0.773748102	0.418910435	-0.784157999	0.773748102	0.418910435	-0.784157999	0.442560393	0.015079024	-9.495797026
2022-11-26	04:00:00	1.545048027	5.394394686	103683.4295	0.862749492	0.094473105	-0.665696894	0.862749492	0.094473105	-0.665696894	0.443837575	0.015249076	-9.877129588
2022-11-26	04:30:00	1.444550591	5.369316783	103791.0315	0.81235695	1.002407833	-0.615265222	0.81235695	1.002407833	-0.615265222	0.445040158	0.01705341	-10.22957327
2022-11-26	05:00:00	1.612124043	5.029328624	103808.4901	0.807290216	0.096908452	-0.396544662	0.807290216	0.096908452	-0.396544662	0.446235241	0.017227845	-10.45672679
2022-11-26	05:30:00	1.096829745	4.906526283	103841.6154	0.591725847	0.181817631	-0.124150991	0.591725847	0.181817631	-0.124150991	0.44711121	0.017555117	-10.52784446
2022-11-26	06:00:00	1.348657173	4.680815278	103855.6717	0.811658746	0.291995465	-0.690200005	0.811658746	0.291995465	-0.690200005	0.448312759	0.018080709	-10.92321319
2022-11-26	06:30:00	1.333307756	4.472013209	103891.6655	0.690307771	0.070991068	-0.414957396	0.690307771	0.070991068	-0.414957396	0.449334665	0.018208493	-11.16091412
2022-11-26	07:00:00	NaN	NaN	NaN	NaN	NaN	NaN	0.536816197	0.053064707	-0.303069529	0.450129348	0.018304009	-11.33452208
2022-11-26	07:30:00	0.964482615	4.205098163	103913.9209	0.383324622	0.035138347	-0.191181661	0.383324622	0.035138347	-0.191181661	0.450696807	0.018367258	-11.44403707
2022-11-26	08:00:00	1.210596732	3.987362058	103930.384	0.522470874	-0.203436484	-0.688851912	0.522470874	-0.203436484	-0.688851912	0.451470254	0.018001072	-11.83863357
2022-11-26	08:30:00	1.164853161	4.051469981	103969.5129	0.613624703	-0.109256039	-0.706857612	0.613624703	-0.109256039	-0.706857612	0.452378641	0.017804412	-12.24354432
2022-11-26	09:00:00	1.295860946	4.109582897	103963.8056	0.5824727	0.13255978	-0.717706115	0.5824727	0.13255978	-0.717706115	0.453240912	0.018043019	-12.65466943
2022-11-26	09:30:00	1.352855426	4.043961032	103994.277	0.540439117	0.332324438	-0.763514392	0.540439117	0.332324438	-0.763514392	0.454040958	0.018641203	-13.092035
2022-11-26	10:00:00	1.026389229	4.146703696	103986.3376	0.406913166	-0.030931106	-0.414753327	0.406913166	-0.030931106	-0.414753327	0.454643337	0.018585527	-13.32961902
2022-11-26	10:30:00	1.006860768	4.611754871	104055.322	0.64680581	-0.093552411	-0.848492057	0.64680581	-0.093552411	-0.848492057	0.455600844	0.018417133	-13.81566252
2022-11-26	11:00:00	1.113617131	5.764702098	104122.4825	1.121448026	1.409172532	-0.595544514	1.121448026	1.409172532	-0.595544514	0.457260994	0.020953643	-14.15680955
2022-11-26	11:30:00	1.153737627	6.402515906	104135.51	1.54988583	1.357975237	-1.018269086	1.54988583	1.357975237	-1.018269086	0.459555388	0.023397999	-14.74010679
2022-11-26	12:00:00	1.181518685	7.225672983	104127.6954	1.233449728	0.632634584	-0.769565819	1.233449728	0.632634584	-0.769565819	0.461381341	0.024536741	-15.1809388
2022-11-26	12:30:00	1.355336211	7.916885372	104155.5288	1.198255198	0.084116072	-0.855242425	1.198255198	0.084116072	-0.855242425	0.463155194	0.02468815	-15.67084913
2022-11-26	13:00:00	1.360271514	8.047445403	104174.6951	1.263615153	0.257463195	-1.592485429	1.263615153	0.257463195	-1.592485429	0.465025802	0.025151584	-16.58307593
2022-11-26	13:30:00	1.668290463	7.585974153	104216.5037	0.985695197	-0.006731202	-1.284601727	0.985695197	-0.006731202	-1.284601727	0.466484989	0.025139468	-17.31893706
2022-11-26	14:00:00	1.629592447	7.279214947	104188.7376	1.110614736	0.481267611	-0.761926843	1.110614736	0.481267611	-0.761926843	0.468129102	0.026005749	-17.75539323
2022-11-26	14:30:00	1.679129082	7.266784292	104128.8799	1.278714803	1.024926716	-1.280639269	1.278714803	1.024926716	-1.280639269	0.470022064	0.027850617	-18.48898453
2022-11-26	15:00:00	1.780678009	7.152474739	104140.5335	1.263214232	0.597182466	-2.121674471	1.263214232	0.597182466	-2.121674471	0.471892079	0.028925546	-19.70434781
2022-11-26	15:30:00	1.644535575	6.856514855	104130.3216	0.950102419	0.276869915	-1.434250792	0.950102419	0.276869915	-1.434250792	0.473298576	0.029423912	-20.52593273
2022-11-26	16:00:00	NaN	NaN	NaN	NaN	NaN	NaN	0.8604404	0.203854254	-0.960295175	0.47457234	0.029790849	-21.07602065
2022-11-26	16:30:00	1.302459272	6.932521402	104137.7267	0.770778382	0.130838593	-0.486339558	0.770778382	0.130838593	-0.486339558	0.475713371	0.030026359	-21.35461157
2022-11-26	17:00:00	1.383494119	7.041058684	104162.3117	0.728174264	0.247974682	-1.261356352	0.728174264	0.247974682	-1.261356352	0.476791333	0.030472713	-22.077157
2022-11-26	17:30:00	NaN	NaN	NaN	NaN	NaN	NaN	0.705784972	0.228050548	-1.105395645	0.477836151	0.030883204	-22.71036313
2022-11-26	18:00:00	1.561661869	6.358025148	104250.1572	0.683395679	0.208126414	-0.949434938	0.683395679	0.208126414	-0.949434938	0.478847825	0.031257832	-23.25422995
2022-11-26	18:30:00	1.607810445	6.326580162	104212.9547	0.60840801	0.381402916	-1.254443771	0.60840801	0.381402916	-1.254443771	0.479748489	0.031944357	-23.97281564
2022-11-26	19:00:00	1.287560138	6.570323744	104081.5764	0.479086082	0.148696618	-0.354113705	0.479086082	0.148696618	-0.354113705	0.480457711	0.032212011	-24.17566334
2022-11-26	19:30:00	1.095952273	6.383860324	104219.2876	0.464014971	0.109347224	-0.750161097	0.464014971	0.109347224	-0.750161097	0.481144621	0.032408836	-24.60537971
2022-11-26	20:00:00	1.440958853	6.423434453	104122.2416	0.697513812	0.309876654	-1.207833203	0.697513812	0.309876654	-1.207833203	0.482177195	0.032966614	-25.29726536
2022-11-26	20:30:00	1.58707835	6.61447258	104176.8956	0.733755305	0.210767372	-0.726107944	0.733755305	0.210767372	-0.726107944	0.483263419	0.033345995	-25.71320331
2022-11-26	21:00:00	1.427160227	6.878225073	104259.1805	0.789444387	0.266220441	-1.086704132	0.789444387	0.266220441	-1.086704132	0.484432083	0.033825192	-26.33570234
2022-11-26	21:30:00	1.41951576	6.978418458	104213.9661	0.589105375	0.1230795	-0.693515903	0.589105375	0.1230795	-0.693515903	0.485304173	0.034046735	-26.73297053
2022-11-26	22:00:00	1.620121128	7.031397079	104183.1365	0.767162885	0.245424863	-0.934312533	0.767162885	0.245424863	-0.934312533	0.486439852	0.0344885	-27.26817475
2022-11-26	22:30:00	1.631605822	7.16619921	104182.7097	0.631489102	0.192827491	-1.013022222	0.631489102	0.192827491	-1.013022222	0.487374685	0.034835589	-27.84846642
2022-11-26	23:00:00	1.879871984	7.289244874	104111.1697	1.00125146	0.262414251	-1.322200775	1.00125146	0.262414251	-1.322200775	0.488856901	0.035307935	-28.60586549
2022-11-26	23:30:00	2.193378247	7.259859859	104099.9021	1.026893788	0.159581941	-1.86295124	1.026893788	0.159581941	-1.86295124	0.490377076	0.035595182	-29.67302379
2022-11-27	00:00:00	2.102311853	7.178908608	104188.6564	0.987430892	0.210131516	-1.508687	0.987430892	0.210131516	-1.508687	0.491838832	0.035973419	-30.53724816
2022-11-27	00:30:00	1.890330751	7.131305822	104083.2238	0.612999246	0.10823109	-1.202032149	0.612999246	0.10823109	-1.202032149	0.492746294	0.036168235	-31.22581078
2022-11-27	01:00:00	1.91805969	7.048477501	103969.2426	0.593901413	0.275785375	-0.905261246	0.593901413	0.275785375	-0.905261246	0.493625483	0.036664649	-31.7443735
2022-11-27	01:30:00	2.222131386	6.902039269	103922.1675	0.714222046	0.267525283	-1.13614772	0.714222046	0.267525283	-1.13614772	0.494682791	0.037146194	-32.3951954
2022-11-27	02:00:00	2.222351031	6.704005454	103966.6061	0.653201137	0.336916327	-1.217155211	0.653201137	0.336916327	-1.217155211	0.495649766	0.037752644	-33.092421
2022-11-27	02:30:00	2.142546816	6.590191898	103949.8445	0.660322331	0.356751374	-1.616669912	0.660322331	0.356751374	-1.616669912	0.496627282	0.038394796	-34.01850145
2022-11-27	03:00:00	1.983084343	6.572685127	103944.5423	0.555084582	0.294618123	-1.452289529	0.555084582	0.294618123	-1.452289529	0.497449009	0.038925109	-34.85041954
2022-11-27	03:30:00	1.832409563	6.5818016	103936.0949	0.582579689	0.256371166	-1.269841936	0.582579689	0.256371166	-1.269841936	0.498311438	0.039386577	-35.57782578
2022-11-27	04:00:00	2.077791093	6.547250542	103905.5416	0.647994278	0.279675278	-1.528863011	0.647994278	0.279675278	-1.528863011	0.499270705	0.039889992	-36.45360762
2022-11-27	04:30:00	2.091706432	6.438409885	103902.8139	0.64023496	0.257542674	-0.661042161	0.64023496	0.257542674	-0.661042161	0.500218485	0.040353569	-36.8322738
2022-11-27	05:00:00	2.326917818	6.279090909	103899.9476	0.855839882	0.347560915	-1.327004794	0.855839882	0.347560915	-1.327004794	0.501485439	0.040979179	-37.59242476
2022-11-27	05:30:00	NaN	NaN	NaN	NaN	NaN	NaN	0.80910062	0.300122435	-0.683481716	0.502683201	0.041519399	-37.98394504
2022-11-27	06:00:00	2.675691011	6.132042293	103880.4963	0.762361358	0.252683955	-0.039958638	0.762361358	0.252683955	-0.039958638	0.503811773	0.04197423	-38.00683463
2022-11-27	06:30:00	2.517289406	6.143610907	103841.5836	0.666148342	0.133091319	-1.484551646	0.666148342	0.133091319	-1.484551646	0.504797914	0.042213795	-38.8572335
2022-11-27	07:00:00	2.346705093	6.197641879	103847.2847	0.644083122	0.285436603	-1.637087942	0.644083122	0.285436603	-1.637087942	0.505751391	0.042727581	-39.79501005
2022-11-27	07:30:00	2.166794144	6.364061866	103830.6361	0.588651666	0.282530401	-0.894086757	0.588651666	0.282530401	-0.894086757	0.506622809	0.043236135	-40.30717166
2022-11-27	08:00:00	2.477876447	6.563698257	103772.1836	0.851364083	0.350244112	-1.937827398	0.851364083	0.350244112	-1.937827398	0.507883136	0.043866575	-41.41722143
2022-11-27	08:30:00	2.134166745	6.704160464	103829.168	0.638930917	0.115452303	-1.137479968	0.638930917	0.115452303	-1.137479968	0.508828986	0.044074389	-42.06880649
2022-11-27	09:00:00	2.134011111	6.840012576	103776.3187	0.721452924	0.228973509	-1.10540591	0.721452924	0.228973509	-1.10540591	0.509896998	0.044486541	-42.7020185
2022-11-27	09:30:00	2.519320898	7.02578526	103766.6352	0.757717699	0.294629559	-1.50694096	0.757717699	0.294629559	-1.50694096	0.511018695	0.045016874	-43.56524268
2022-11-27	10:00:00	2.99870775	7.144091164	103736.196	0.888210992	0.319203742	-1.976320916	0.888210992	0.319203742	-1.976320916	0.51233357	0.045591441	-44.69734278
2022-11-27	10:30:00	2.735946093	7.203550226	103736.247	0.927284449	0.310202145	-0.205770196	0.927284449	0.310202145	-0.205770196	0.513706287	0.046149805	-44.81521456
2022-11-27	11:00:00	2.918280075	7.114748672	103634.9692	0.906416661	0.158205466	-1.189562613	0.906416661	0.158205466	-1.189562613	0.515048113	0.046434575	-45.49663423
2022-11-27	11:30:00	2.693807615	7.052974779	103556.3998	0.826284142	0.250497446	-0.658937836	0.826284142	0.250497446	-0.658937836	0.516271313	0.04688547	-45.87409498
2022-11-27	12:00:00	2.95840311	7.007946101	103623.8806	0.982348373	0.393225698	-1.054948249	0.982348373	0.393225698	-1.054948249	0.517725545	0.047593276	-46.47840322
2022-11-27	12:30:00	2.879601846	6.957256745	103552.9428	0.890403594	0.340008848	-0.883062303	0.890403594	0.340008848	-0.883062303	0.519043666	0.048205292	-46.98424967
2022-11-27	13:00:00	3.114433603	6.919647326	103494.5124	1.006174192	0.272061666	0.39354051	1.006174192	0.272061666	0.39354051	0.520533169	0.048695003	-46.75881703
2022-11-27	13:30:00	2.76413725	6.819839894	103441.757	0.801183272	0.321098901	-1.232235099	0.801183272	0.321098901	-1.232235099	0.521719211	0.049272981	-47.46468087
2022-11-27	14:00:00	2.549539598	6.705464718	103427.7817	0.835432897	0.274733174	-0.95182584	0.835432897	0.274733174	-0.95182584	0.522955954	0.049767501	-48.00991728
2022-11-27	14:30:00	2.570105437	6.630285614	103436.0601	0.78794379	0.142297749	-0.441777801	0.78794379	0.142297749	-0.441777801	0.524122397	0.050023637	-48.26298179
2022-11-27	15:00:00	2.653722396	6.542365652	103419.4574	0.760549111	0.097534214	-0.531702099	0.760549111	0.097534214	-0.531702099	0.525248286	0.050199199	-48.56755783
2022-11-27	15:30:00	2.459135954	6.428028332	103408.3596	0.756367891	0.198090757	-1.090860274	0.756367891	0.198090757	-1.090860274	0.526367985	0.050555762	-49.19243763
2022-11-27	16:00:00	2.498646055	6.280132788	103419.3766	0.722413748	0.12774892	-0.485695904	0.722413748	0.12774892	-0.485695904	0.527437419	0.05078571	-49.47065985
2022-11-27	16:30:00	2.39665297	6.08284166	103402.8144	0.718190461	0.135687817	-0.440888426	0.718190461	0.135687817	-0.440888426	0.528500602	0.051029948	-49.7232149
2022-11-27	17:00:00	2.684008638	5.925972868	103391.5737	0.822024297	0.13645678	-0.259304195	0.822024297	0.13645678	-0.259304195	0.529717496	0.05127557	-49.87175267
2022-11-27	17:30:00	2.671385326	5.876120566	103388.9743	0.847794781	0.214581292	-0.376044833	0.847794781	0.214581292	-0.376044833	0.53097254	0.051661817	-50.08716323
2022-11-27	18:00:00	2.565730483	5.75489972	103386.0936	0.85542005	0.161713582	-0.537089453	0.85542005	0.161713582	-0.537089453	0.532238872	0.051952901	-50.39482532
2022-11-27	18:30:00	2.035296453	5.643186187	103391.7689	0.580380165	0.076020364	-0.411187459	0.580380165	0.076020364	-0.411187459	0.533098045	0.052089738	-50.6303667
2022-11-27	19:00:00	2.708383967	5.510315951	103386.0199	0.841743255	0.020458244	-0.691382768	0.841743255	0.020458244	-0.691382768	0.534344131	0.052126563	-51.02641295
2022-11-27	19:30:00	2.496795229	5.382096898	103388.8745	0.744195625	0.178481239	-0.318229376	0.744195625	0.178481239	-0.318229376	0.53544581	0.052447829	-51.20870496
2022-11-27	20:00:00	2.473143778	5.319118449	103369.5493	0.668784823	0.061979005	-0.677029457	0.668784823	0.061979005	-0.677029457	0.536435854	0.052559391	-51.59652918
2022-11-27	20:30:00	2.189824969	5.244729654	103397.2581	0.65329671	0.114086887	-0.457283327	0.65329671	0.114086887	-0.457283327	0.537402971	0.052764747	-51.85847576
2022-11-27	21:00:00	2.256342305	5.167000839	103344.4542	0.660514633	0.122327966	-1.088807137	0.660514633	0.122327966	-1.088807137	0.538380772	0.052984938	-52.48217945
2022-11-27	21:30:00	1.969149555	5.037535391	103352.7596	0.582791465	0.106773911	-0.438138493	0.582791465	0.106773911	-0.438138493	0.539243515	0.053177131	-52.73315925
2022-11-27	22:00:00	2.24730314	4.937876406	103358.2373	0.589734708	-0.174143033	-0.175942886	0.589734708	-0.174143033	-0.175942886	0.540116536	0.052863673	-52.83394499
2022-11-27	22:30:00	2.470698172	4.877581311	103314.5625	0.971211426	1.296660809	-1.13287043	0.971211426	1.296660809	-1.13287043	0.541554281	0.055197663	-53.48288956
2022-11-27	23:00:00	2.710981619	4.888004197	103315.8447	1.031635518	-1.129473608	-0.25521947	1.031635518	-1.129473608	-0.25521947	0.543081476	0.05316461	-53.62908747
2022-11-27	23:30:00	2.816649621	5.004306439	103286.2127	1.061825573	0.641701359	-0.68359685	1.061825573	0.641701359	-0.68359685	0.544653364	0.054319673	-54.0206737
2022-11-28	00:00:00	2.591297505	5.047712469	103263.8349	0.919534269	0.300328309	-0.719050063	0.919534269	0.300328309	-0.719050063	0.546014608	0.054860264	-54.43256867
2022-11-28	00:30:00	2.925774689	5.238769134	103167.5963	1.197282315	-0.423976259	-0.406588836	1.197282315	-0.423976259	-0.406588836	0.54778702	0.054097106	-54.66547581
2022-11-28	01:00:00	2.731519057	5.355013457	103104.3413	1.020586458	-0.504326639	-0.29956728	1.020586458	-0.504326639	-0.29956728	0.549297859	0.053189319	-54.83707757
2022-11-28	01:30:00	2.407947784	5.466600846	103141.5685	0.810967958	-0.593914433	0.232553339	0.810967958	-0.593914433	0.232553339	0.550498385	0.052120273	-54.70386355
2022-11-28	02:00:00	2.513764108	5.544620331	103039.8819	0.890150115	0.61360591	-0.95421944	0.890150115	0.61360591	-0.95421944	0.551816131	0.053224763	-55.25047109
2022-11-28	02:30:00	2.665609571	5.652160811	103054.3087	0.979685994	0.657143483	-0.387498953	0.979685994	0.657143483	-0.387498953	0.553266421	0.054407621	-55.47244294
2022-11-28	03:00:00	2.819937594	5.809242329	103037.2056	1.136003073	0.674140617	-0.761906899	1.136003073	0.674140617	-0.761906899	0.554948118	0.055621075	-55.90888768
2022-11-28	03:30:00	2.995623954	5.764536183	102938.8027	1.131883512	0.161055597	-0.56422053	1.131883512	0.161055597	-0.56422053	0.556623716	0.055910975	-56.23209132
2022-11-28	04:00:00	2.824742477	5.710232859	102941.6419	1.11503168	0.30444349	-0.717086991	1.11503168	0.30444349	-0.717086991	0.558274368	0.056458973	-56.64286178
2022-11-28	04:30:00	3.059502772	5.624163402	102933.401	1.052074948	-0.150862278	-1.186969019	1.052074948	-0.150862278	-1.186969019	0.559831821	0.056187421	-57.32279576
2022-11-28	05:00:00	3.553895445	5.577935159	102908.2188	1.247106548	-0.041274072	-0.007184022	1.247106548	-0.041274072	-0.007184022	0.561677991	0.056113128	-57.326911
2022-11-28	05:30:00	3.499762819	5.653509894	102913.9501	1.215157429	0.57433949	-0.496900203	1.215157429	0.57433949	-0.496900203	0.563476865	0.057146939	-57.61155139
2022-11-28	06:00:00	3.321719775	5.707385923	102897.2551	1.573758858	0.633547404	-0.131030594	1.573758858	0.633547404	-0.131030594	0.565806599	0.058287324	-57.68660993
2022-11-28	06:30:00	3.373083885	5.789462257	102905.5767	1.28108386	0.502391492	-1.337713684	1.28108386	0.502391492	-1.337713684	0.567703068	0.059191629	-58.45289529
2022-11-28	07:00:00	3.551165175	5.759676653	102891.6804	1.353085196	0.865601448	-0.436381884	1.353085196	0.865601448	-0.436381884	0.569706125	0.060749711	-58.70286885
2022-11-28	07:30:00	4.424360924	5.746233044	102897.2381	1.782654592	0.659566078	0.356635008	1.782654592	0.659566078	0.356635008	0.572345101	0.06193693	-58.49857686
2022-11-28	08:00:00	3.973644232	5.582676362	102902.7442	1.493740394	0.731843181	-1.101359554	1.493740394	0.731843181	-1.101359554	0.574556378	0.063254248	-59.12947099
2022-11-28	08:30:00	4.104433149	5.583687522	102911.1674	1.23628628	0.260943621	-0.51526672	1.23628628	0.260943621	-0.51526672	0.576386531	0.063723946	-59.42463231
2022-11-28	09:00:00	NaN	NaN	NaN	NaN	NaN	NaN	1.167985609	0.296982253	-0.040785867	0.578115573	0.064258514	-59.44799577
2022-11-28	09:30:00	4.216079662	5.586150058	102847.3261	1.099684938	0.333020886	0.433694986	1.099684938	0.333020886	0.433694986	0.579743506	0.064857952	-59.19956135
2022-11-28	10:00:00	4.597345027	5.799466457	102886.0412	1.395631315	0.106361983	-1.088136257	1.395631315	0.106361983	-1.088136257	0.581809547	0.065049404	-59.82288075
2022-11-28	10:30:00	3.936970211	6.039214905	102891.4185	1.172171971	-0.09213695	-1.161869906	1.172171971	-0.09213695	-1.161869906	0.583544787	0.064883557	-60.48843714
2022-11-28	11:00:00	3.393700148	6.043514986	102869.5032	1.057277253	-0.177348911	-1.332338776	1.057277253	-0.177348911	-1.332338776	0.585109941	0.064564329	-61.25164359
2022-11-28	11:30:00	4.649102745	5.999998952	102794.5989	1.398474144	0.320717203	-2.529892404	1.398474144	0.320717203	-2.529892404	0.58718019	0.06514162	-62.70084721
2022-11-28	12:00:00	4.549353748	5.901750175	102822.2008	0.935809593	-0.34443751	-0.642189994	0.935809593	-0.34443751	-0.642189994	0.588565528	0.064521633	-63.06871426
2022-11-28	12:30:00	4.294655968	5.770062915	102794.1804	0.960293698	-0.179287118	-1.332576513	0.960293698	-0.179287118	-1.332576513	0.589987111	0.064198916	-63.83205689
2022-11-28	13:00:00	4.060337497	5.575794513	102833.2867	0.49189988	-0.269732357	-0.273021499	0.49189988	-0.269732357	-0.273021499	0.590715301	0.063713397	-63.98845237
2022-11-28	13:30:00	NaN	NaN	NaN	NaN	NaN	NaN	0.840785359	0.075125711	-0.981350497	0.591959968	0.063848624	-64.55060146
2022-11-28	14:00:00	4.310274936	5.330753992	102791.7054	1.189670838	0.419983779	-1.689679495	1.189670838	0.419983779	-1.689679495	0.593721113	0.064604595	-65.51850414
2022-11-28	14:30:00	NaN	NaN	NaN	NaN	NaN	NaN	1.012267996	0.159989339	-1.136922819	0.595219637	0.064892575	-66.16977005
2022-11-28	15:00:00	NaN	NaN	NaN	NaN	NaN	NaN	0.834865155	-0.1000051	-0.584166143	0.59645554	0.064712566	-66.50439918
2022-11-28	15:30:00	3.583107777	5.406543016	102863.9526	0.657462313	-0.35999954	-0.031409467	0.657462313	-0.35999954	-0.031409467	0.597428823	0.064064567	-66.52239153
2022-11-28	16:00:00	3.880731317	5.495645764	102877.8515	0.821260807	-0.500806091	-1.650887758	0.821260807	-0.500806091	-1.650887758	0.598644587	0.063163116	-67.46807306
2022-11-28	16:30:00	3.613568153	5.540197134	102911.0975	0.807173083	-0.280161064	-0.908470614	0.807173083	-0.280161064	-0.908470614	0.599839496	0.062658826	-67.9884742
2022-11-28	17:00:00	4.046239413	5.573001085	102911.0905	0.958837628	-0.628643136	-1.840877259	0.958837628	-0.628643136	-1.840877259	0.601258924	0.061527268	-69.04298782
2022-11-28	17:30:00	3.967302457	5.56064293	102902.7255	0.975075042	0.592489816	0.237346662	0.975075042	0.592489816	0.237346662	0.602702389	0.06259375	-68.90702803
2022-11-28	18:00:00	3.965668621	5.574838439	102911.1084	0.462310649	-0.145207482	-0.652010224	0.462310649	-0.145207482	-0.652010224	0.603386776	0.062332377	-69.28052043
2022-11-28	18:30:00	3.888322366	5.512090966	102962.5612	0.81454074	-0.633761566	-1.667926326	0.81454074	-0.633761566	-1.667926326	0.604592592	0.061191606	-70.2359622
2022-11-28	19:00:00	3.610306757	5.338861428	103016.549	0.876191511	-0.931352436	-0.99889251	0.876191511	-0.931352436	-0.99889251	0.605889673	0.059515171	-70.80815991
2022-11-28	19:30:00	3.520286399	5.362736614	103056.8573	0.909806432	-0.93890667	-0.149513046	0.909806432	-0.93890667	-0.149513046	0.607236517	0.057825139	-70.89380579
2022-11-28	20:00:00	3.292401374	5.326242268	103022.2346	0.890214799	-0.815141539	-0.602292207	0.890214799	-0.815141539	-0.602292207	0.608554358	0.056357885	-71.23881811
2022-11-28	20:30:00	3.056447294	5.173203887	103086.2875	0.677381765	-0.58205121	-0.477093367	0.677381765	-0.58205121	-0.477093367	0.609557129	0.055310193	-71.51211251
2022-11-28	21:00:00	2.726151808	5.141587058	103191.7293	0.569946498	-0.278889377	-0.740453663	0.569946498	-0.278889377	-0.740453663	0.610400857	0.054808192	-71.93626815
2022-11-28	21:30:00	2.994402551	5.263243649	103226.0946	0.787018675	-0.011066268	-0.987799107	0.787018675	-0.011066268	-0.987799107	0.61156593	0.054788272	-72.50211121
2022-11-28	22:00:00	3.059847573	5.403908846	103226.9264	0.728589662	0.812758261	-0.101426665	0.728589662	0.812758261	-0.101426665	0.612644507	0.056251237	-72.56021166
2022-11-28	22:30:00	2.939521655	5.440162656	103259.2766	0.845459076	0.295943228	-1.384569363	0.845459076	0.295943228	-1.384569363	0.613896093	0.056783935	-73.35333746
2022-11-28	23:00:00	2.88702281	5.253633978	103310.2264	0.844112449	0.034975757	-1.192494339	0.844112449	0.034975757	-1.192494339	0.615145686	0.056846891	-74.03643651
2022-11-28	23:30:00	2.593865655	4.874558201	103303.5631	0.574631894	0.820739799	-0.762799204	0.574631894	0.820739799	-0.762799204	0.615996349	0.058324223	-74.4733924
2022-11-29	00:00:00	2.125736311	4.757425424	103293.6353	0.469615257	0.633465514	-1.257400164	0.469615257	0.633465514	-1.257400164	0.61669155	0.059464461	-75.1936716
2022-11-29	00:30:00	2.556485996	4.696967503	103364.5818	0.583834263	0.488836343	-0.922023137	0.583834263	0.488836343	-0.922023137	0.617555837	0.060344366	-75.72183606
2022-11-29	01:00:00	2.270279216	4.578468235	103368.9347	0.485967608	-0.719903599	-0.946921408	0.485967608	-0.719903599	-0.946921408	0.618275245	0.05904854	-76.26426306
2022-11-29	01:30:00	2.057919796	4.499596405	103356.1956	0.468234575	0.372301663	-0.465095937	0.468234575	0.372301663	-0.465095937	0.618968403	0.059718683	-76.53068495
2022-11-29	02:00:00	2.404869569	4.585830479	103358.2489	0.441275179	0.067876893	-0.882068255	0.441275179	0.067876893	-0.882068255	0.61962165	0.059840861	-77.03596198
2022-11-29	02:30:00	2.878026875	4.639899979	103380.5029	0.595670602	0.242086444	-0.979079092	0.595670602	0.242086444	-0.979079092	0.620503459	0.060276617	-77.59680993
2022-11-29	03:00:00	2.168126497	4.59174226	103402.7954	0.411360343	0.029210876	-0.70325328	0.411360343	0.029210876	-0.70325328	0.621112421	0.060329196	-77.99965599
2022-11-29	03:30:00	2.323962428	4.672732837	103386.0805	0.39261538	0.342492317	-0.575940914	0.39261538	0.342492317	-0.575940914	0.621693634	0.060945683	-78.32957344
2022-11-29	04:00:00	2.744472531	4.800254726	103408.4035	0.530806415	0.251883738	-0.820257326	0.530806415	0.251883738	-0.820257326	0.62247942	0.061399073	-78.79944319
2022-11-29	04:30:00	2.677830634	4.822493099	103408.2812	0.5842292	-0.056707788	-0.811708708	0.5842292	-0.056707788	-0.811708708	0.623344292	0.061296999	-79.264416
2022-11-29	05:00:00	NaN	NaN	NaN	NaN	NaN	NaN	0.636002095	-0.056347081	-0.72882726	0.624285806	0.061195575	-79.68191167
2022-11-29	05:30:00	2.981600539	4.889116403	103455.5264	0.68777499	-0.055986375	-0.645945811	0.68777499	-0.055986375	-0.645945811	0.625303962	0.061094799	-80.05193017
2022-11-29	06:00:00	3.266459291	4.925296936	103474.9685	0.941803896	0.188673873	-1.226313992	0.941803896	0.188673873	-1.226313992	0.626698174	0.061434412	-80.75440222
2022-11-29	06:30:00	2.7474599	4.808776259	103527.6871	0.797197948	-0.058920991	-0.972744749	0.797197948	-0.058920991	-0.972744749	0.627878316	0.061328354	-81.31162165
2022-11-29	07:00:00	2.273963019	4.580347975	103583.3776	0.598669487	-0.140320923	-0.741439741	0.598669487	-0.140320923	-0.741439741	0.628764564	0.061075777	-81.73634215
2022-11-29	07:30:00	2.861999536	4.786565233	103630.5352	0.892056674	0.220037512	-1.855072205	0.892056674	0.220037512	-1.855072205	0.630085132	0.061471844	-82.79898709
2022-11-29	08:00:00	2.563815162	4.754099014	103730.8335	0.732610365	0.135779779	-1.365990153	0.732610365	0.135779779	-1.365990153	0.631169661	0.061716248	-83.58147012
2022-11-29	08:30:00	2.855670836	4.749723533	103760.6655	0.802095341	0.129284011	-0.839648188	0.802095341	0.129284011	-0.839648188	0.632357053	0.061948959	-84.06244757
2022-11-29	09:00:00	3.45780923	4.390817126	103836.197	1.007332736	0.186477769	-1.557180992	1.007332736	0.186477769	-1.557180992	0.633848271	0.062284619	-84.95445085
2022-11-29	09:30:00	2.768735443	4.193232991	103850.0035	0.830645022	0.293932761	-1.935553466	0.830645022	0.293932761	-1.935553466	0.635077927	0.062813698	-86.06319805
2022-11-29	10:00:00	1.741645873	4.201849145	103847.2847	0.501491123	-0.038480434	-1.118270908	0.501491123	-0.038480434	-1.118270908	0.635820316	0.062744433	-86.70377954
2022-11-29	10:30:00	NaN	NaN	NaN	NaN	NaN	NaN	0.584461963	-0.022393095	-1.17772123	0.636685532	0.062704126	-87.37841608
2022-11-29	11:00:00	NaN	NaN	NaN	NaN	NaN	NaN	0.667432803	-0.006305757	-1.237171552	0.637673574	0.062692775	-88.08710768
2022-11-29	11:30:00	2.25256853	4.76777937	103888.9545	0.750403643	0.009781582	-1.296621874	0.750403643	0.009781582	-1.296621874	0.638784444	0.062710382	-88.82985434
2022-11-29	12:00:00	NaN	NaN	NaN	NaN	NaN	NaN	0.69507425	0.042457245	-1.062731382	0.639813406	0.062786805	-89.43862101
2022-11-29	12:30:00	NaN	NaN	NaN	NaN	NaN	NaN	0.639744858	0.075132908	-0.828840891	0.640760461	0.062922044	-89.91340769
2022-11-29	13:00:00	1.575569778	4.86978806	103913.8321	0.584415465	0.107808571	-0.594950399	0.584415465	0.107808571	-0.594950399	0.641625608	0.0631161	-90.25421439
2022-11-29	13:30:00	1.681281753	4.912144331	103913.9399	0.626972673	0.136111762	-0.925133277	0.626972673	0.136111762	-0.925133277	0.642553755	0.063361101	-90.78416044
2022-11-29	14:00:00	1.865363883	4.889185587	103927.8118	0.598064399	0.060004675	-0.872506144	0.598064399	0.060004675	-0.872506144	0.643439107	0.063469109	-91.28395998
2022-11-29	14:30:00	1.882436954	4.72299993	103952.7199	0.548814513	0.095792758	-0.656749185	0.548814513	0.095792758	-0.656749185	0.644251552	0.063641536	-91.66016701
2022-11-29	15:00:00	NaN	NaN	NaN	NaN	NaN	NaN	0.529553498	0.078350212	-0.657505158	0.645035483	0.063782567	-92.03680708
2022-11-29	15:30:00	NaN	NaN	NaN	NaN	NaN	NaN	0.510292483	0.060907667	-0.65826113	0.645790901	0.063892201	-92.4138802
2022-11-29	16:00:00	NaN	NaN	NaN	NaN	NaN	NaN	0.491031467	0.043465121	-0.659017103	0.646517806	0.063970438	-92.79138636
2022-11-29	16:30:00	NaN	NaN	NaN	NaN	NaN	NaN	0.471770452	0.026022576	-0.659773076	0.647216197	0.064017278	-93.16932557
2022-11-29	17:00:00	1.501599745	4.569884969	103996.1155	0.452509437	0.00858003	-0.660529048	0.452509437	0.00858003	-0.660529048	0.647886075	0.064032722	-93.54769782
2022-11-29	17:30:00	1.245846029	4.49359898	104044.4344	0.366584748	0.066461245	-0.592606873	0.366584748	0.066461245	-0.592606873	0.648428754	0.064152353	-93.88716207
2022-11-29	18:00:00	NaN	NaN	NaN	NaN	NaN	NaN	0.542430478	0.032715642	-0.90809771	0.649231748	0.064211241	-94.40734961
2022-11-29	18:30:00	2.361977986	4.723051517	104077.5304	0.718276208	-0.001029961	-1.223588547	0.718276208	-0.001029961	-1.223588547	0.650295057	0.064209387	-95.10826043
2022-11-29	19:00:00	2.743956662	4.766948002	104146.6933	1.0619569	0.156956233	-1.720213208	1.0619569	0.156956233	-1.720213208	0.651867139	0.064491908	-96.0936538
2022-11-29	19:30:00	2.627033875	4.351182687	104181.168	0.739027161	0.014536055	-1.277674011	0.739027161	0.014536055	-1.277674011	0.652961167	0.064518073	-96.82554651
2022-11-29	20:00:00	2.701865014	4.11632354	104213.816	0.89193039	-0.202176379	-1.808925054	0.89193039	-0.202176379	-1.808925054	0.654281548	0.064154156	-97.86175688
2022-11-29	20:30:00	2.220585361	4.34867084	104172.3363	0.810282318	0.524405571	-1.646426782	0.810282318	0.524405571	-1.646426782	0.65548106	0.065098086	-98.80488302
2022-11-29	21:00:00	1.443376671	4.194475414	104199.6258	0.32639295	-0.164818455	-0.628402124	0.32639295	-0.164818455	-0.628402124	0.65596424	0.064801412	-99.16485194
2022-11-29	21:30:00	NaN	NaN	NaN	NaN	NaN	NaN	0.34157028	-0.146634842	-0.640058543	0.656469888	0.06453747	-99.53149803
2022-11-29	22:00:00	NaN	NaN	NaN	NaN	NaN	NaN	0.356747609	-0.128451228	-0.651714961	0.656998003	0.064306257	-99.90482129
2022-11-29	22:30:00	NaN	NaN	NaN	NaN	NaN	NaN	0.371924938	-0.110267615	-0.66337138	0.657548587	0.064107776	-100.2848217
2022-11-29	23:00:00	NaN	NaN	NaN	NaN	NaN	NaN	0.387102268	-0.092084002	-0.675027798	0.658121639	0.063942025	-100.6714993
2022-11-29	23:30:00	NaN	NaN	NaN	NaN	NaN	NaN	0.402279597	-0.073900389	-0.686684217	0.658717159	0.063809004	-101.0648541
2022-11-30	00:00:00	NaN	NaN	NaN	NaN	NaN	NaN	0.417456926	-0.055716776	-0.698340635	0.659335147	0.063708714	-101.464886
2022-11-30	00:30:00	NaN	NaN	NaN	NaN	NaN	NaN	0.432634255	-0.037533163	-0.709997054	0.659975602	0.063641154	-101.8715952
2022-11-30	01:00:00	NaN	NaN	NaN	NaN	NaN	NaN	0.447811585	-0.01934955	-0.721653473	0.660638526	0.063606325	-102.2849815
2022-11-30	01:30:00	NaN	NaN	NaN	NaN	NaN	NaN	0.462988914	-0.001165937	-0.733309891	0.661323918	0.063604226	-102.7050449
2022-11-30	02:00:00	NaN	NaN	NaN	NaN	NaN	NaN	0.478166243	0.017017676	-0.74496631	0.662031777	0.063634858	-103.1317855
2022-11-30	02:30:00	NaN	NaN	NaN	NaN	NaN	NaN	0.493343573	0.035201289	-0.756622728	0.662762105	0.06369822	-103.5652033
2022-11-30	03:00:00	NaN	NaN	NaN	NaN	NaN	NaN	0.508520902	0.053384903	-0.768279147	0.6635149	0.063794313	-104.0052983
2022-11-30	03:30:00	1.574522165	3.293231582	104397.2551	0.523698231	0.071568516	-0.779935566	0.523698231	0.071568516	-0.779935566	0.664290163	0.063923136	-104.4520705
2022-11-30	04:00:00	NaN	NaN	NaN	NaN	NaN	NaN	0.511453971	0.07845099	-0.789679628	0.665047301	0.064064348	-104.9044243
2022-11-30	04:30:00	NaN	NaN	NaN	NaN	NaN	NaN	0.499209712	0.085333465	-0.79942369	0.665786312	0.064217948	-105.3623599
2022-11-30	05:00:00	1.39933871	3.181403601	104441.7934	0.486965452	0.092215939	-0.809167752	0.486965452	0.092215939	-0.809167752	0.666507198	0.064383937	-105.8258771
2022-11-30	05:30:00	NaN	NaN	NaN	NaN	NaN	NaN	0.4857196	0.091513996	-0.815869296	0.667226239	0.064548662	-106.2932333
2022-11-30	06:00:00	NaN	NaN	NaN	NaN	NaN	NaN	0.484473748	0.090812053	-0.82257084	0.667943436	0.064712124	-106.7644283
2022-11-30	06:30:00	NaN	NaN	NaN	NaN	NaN	NaN	0.483227896	0.09011011	-0.829272384	0.668658789	0.064874322	-107.2394621
2022-11-30	07:00:00	NaN	NaN	NaN	NaN	NaN	NaN	0.481982043	0.089408168	-0.835973928	0.669372297	0.065035257	-107.7183348
2022-11-30	07:30:00	NaN	NaN	NaN	NaN	NaN	NaN	0.480736191	0.088706225	-0.842675472	0.670083961	0.065194928	-108.2010464
2022-11-30	08:00:00	NaN	NaN	NaN	NaN	NaN	NaN	0.479490339	0.088004282	-0.849377015	0.670793781	0.065353336	-108.6875969
2022-11-30	08:30:00	NaN	NaN	NaN	NaN	NaN	NaN	0.478244487	0.087302339	-0.856078559	0.671501756	0.06551048	-109.1779862
2022-11-30	09:00:00	NaN	NaN	NaN	NaN	NaN	NaN	0.476998634	0.086600396	-0.862780103	0.672207887	0.065666361	-109.6722143
2022-11-30	09:30:00	NaN	NaN	NaN	NaN	NaN	NaN	0.475752782	0.085898453	-0.869481647	0.672912174	0.065820978	-110.1702813
2022-11-30	10:00:00	NaN	NaN	NaN	NaN	NaN	NaN	0.47450693	0.085196511	-0.876183191	0.673614617	0.065974332	-110.6721872
2022-11-30	10:30:00	NaN	NaN	NaN	NaN	NaN	NaN	0.473261078	0.084494568	-0.882884735	0.674315215	0.066126422	-111.1779319
2022-11-30	11:00:00	NaN	NaN	NaN	NaN	NaN	NaN	0.472015226	0.083792625	-0.889586279	0.675013968	0.066277249	-111.6875155
2022-11-30	11:30:00	NaN	NaN	NaN	NaN	NaN	NaN	0.470769373	0.083090682	-0.896287823	0.675710878	0.066426812	-112.200938
2022-11-30	12:00:00	NaN	NaN	NaN	NaN	NaN	NaN	0.469523521	0.082388739	-0.902989367	0.676405943	0.066575112	-112.7181993
2022-11-30	12:30:00	NaN	NaN	NaN	NaN	NaN	NaN	0.468277669	0.081686796	-0.909690911	0.677099164	0.066722148	-113.2392995
2022-11-30	13:00:00	NaN	NaN	NaN	NaN	NaN	NaN	0.467031817	0.080984854	-0.916392455	0.677790541	0.06686792	-113.7642385
2022-11-30	13:30:00	NaN	NaN	NaN	NaN	NaN	NaN	0.465785964	0.080282911	-0.923093999	0.678480073	0.06701243	-114.2930164
2022-11-30	14:00:00	NaN	NaN	NaN	NaN	NaN	NaN	0.464540112	0.079580968	-0.929795543	0.679167761	0.067155675	-114.8256331
2022-11-30	14:30:00	NaN	NaN	NaN	NaN	NaN	NaN	0.46329426	0.078879025	-0.936497086	0.679853604	0.067297658	-115.3620887
2022-11-30	15:00:00	NaN	NaN	NaN	NaN	NaN	NaN	0.462048408	0.078177082	-0.94319863	0.680537604	0.067438376	-115.9023832
2022-11-30	15:30:00	NaN	NaN	NaN	NaN	NaN	NaN	0.460802556	0.077475139	-0.949900174	0.681219759	0.067577832	-116.4465165
2022-11-30	16:00:00	NaN	NaN	NaN	NaN	NaN	NaN	0.459556703	0.076773197	-0.956601718	0.681900069	0.067716023	-116.9944887
2022-11-30	16:30:00	NaN	NaN	NaN	NaN	NaN	NaN	0.458310851	0.076071254	-0.963303262	0.682578536	0.067852952	-117.5462998
2022-11-30	17:00:00	NaN	NaN	NaN	NaN	NaN	NaN	0.457064999	0.075369311	-0.970004806	0.683255158	0.067988616	-118.1019497
2022-11-30	17:30:00	NaN	NaN	NaN	NaN	NaN	NaN	0.455819147	0.074667368	-0.97670635	0.683929936	0.068123018	-118.6614384
2022-11-30	18:00:00	NaN	NaN	NaN	NaN	NaN	NaN	0.454573294	0.073965425	-0.983407894	0.684602869	0.068256156	-119.2247661
2022-11-30	18:30:00	NaN	NaN	NaN	NaN	NaN	NaN	0.453327442	0.073263482	-0.990109438	0.685273958	0.06838803	-119.7919326
2022-11-30	19:00:00	NaN	NaN	NaN	NaN	NaN	NaN	0.45208159	0.07256154	-0.996810982	0.685943203	0.068518641	-120.3629379
2022-11-30	19:30:00	NaN	NaN	NaN	NaN	NaN	NaN	0.450835738	0.071859597	-1.003512526	0.686610603	0.068647988	-120.9377821
2022-11-30	20:00:00	NaN	NaN	NaN	NaN	NaN	NaN	0.449589886	0.071157654	-1.01021407	0.68727616	0.068776072	-121.5164652
2022-11-30	20:30:00	NaN	NaN	NaN	NaN	NaN	NaN	0.448344033	0.070455711	-1.016915613	0.687939871	0.068902892	-122.0989871
2022-11-30	21:00:00	NaN	NaN	NaN	NaN	NaN	NaN	0.447098181	0.069753768	-1.023617157	0.688601739	0.069028449	-122.6853479
2022-11-30	21:30:00	NaN	NaN	NaN	NaN	NaN	NaN	0.445852329	0.069051825	-1.030318701	0.689261762	0.069152742	-123.2755475
2022-11-30	22:00:00	NaN	NaN	NaN	NaN	NaN	NaN	0.444606477	0.068349883	-1.037020245	0.689919941	0.069275772	-123.869586
2022-11-30	22:30:00	NaN	NaN	NaN	NaN	NaN	NaN	0.443360624	0.06764794	-1.043721789	0.690576276	0.069397538	-124.4674634
2022-11-30	23:00:00	NaN	NaN	NaN	NaN	NaN	NaN	0.442114772	0.066945997	-1.050423333	0.691230766	0.069518041	-125.0691796
2022-11-30	23:30:00	NaN	NaN	NaN	NaN	NaN	NaN	0.44086892	0.066244054	-1.057124877	0.691883412	0.06963728	-125.6747347
2022-12-01	00:00:00	NaN	NaN	NaN	NaN	NaN	NaN	0.439623068	0.065542111	-1.063826421	0.692534214	0.069755256	-126.2841286
2022-12-01	00:30:00	NaN	NaN	NaN	NaN	NaN	NaN	0.438377216	0.064840168	-1.070527965	0.693183171	0.069871968	-126.8973614
2022-12-01	01:00:00	NaN	NaN	NaN	NaN	NaN	NaN	0.437131363	0.064138226	-1.077229509	0.693830284	0.069987417	-127.5144331
2022-12-01	01:30:00	NaN	NaN	NaN	NaN	NaN	NaN	0.435885511	0.063436283	-1.083931053	0.694475553	0.070101602	-128.1353436
2022-12-01	02:00:00	NaN	NaN	NaN	NaN	NaN	NaN	0.434639659	0.06273434	-1.090632597	0.695118977	0.070214524	-128.760093
2022-12-01	02:30:00	NaN	NaN	NaN	NaN	NaN	NaN	0.433393807	0.062032397	-1.097334141	0.695760557	0.070326182	-129.3886812
2022-12-01	03:00:00	NaN	NaN	NaN	NaN	NaN	NaN	0.432147954	0.061330454	-1.104035684	0.696400293	0.070436577	-130.0211083
2022-12-01	03:30:00	NaN	NaN	NaN	NaN	NaN	NaN	0.430902102	0.060628511	-1.110737228	0.697038185	0.070545709	-130.6573743
2022-12-01	04:00:00	NaN	NaN	NaN	NaN	NaN	NaN	0.42965625	0.059926569	-1.117438772	0.697674232	0.070653576	-131.2974791
2022-12-01	04:30:00	NaN	NaN	NaN	NaN	NaN	NaN	0.428410398	0.059224626	-1.124140316	0.698308435	0.070760181	-131.9414228
2022-12-01	05:00:00	NaN	NaN	NaN	NaN	NaN	NaN	0.427164546	0.058522683	-1.13084186	0.698940793	0.070865522	-132.5892053
2022-12-01	05:30:00	NaN	NaN	NaN	NaN	NaN	NaN	0.425918693	0.05782074	-1.137543404	0.699571307	0.070969599	-133.2408267
2022-12-01	06:00:00	NaN	NaN	NaN	NaN	NaN	NaN	0.424672841	0.057118797	-1.144244948	0.700199977	0.071072413	-133.896287
2022-12-01	06:30:00	NaN	NaN	NaN	NaN	NaN	NaN	0.423426989	0.056416854	-1.150946492	0.700826803	0.071173963	-134.5555861
2022-12-01	07:00:00	NaN	NaN	NaN	NaN	NaN	NaN	0.422181137	0.055714912	-1.157648036	0.701451784	0.07127425	-135.2187241
2022-12-01	07:30:00	NaN	NaN	NaN	NaN	NaN	NaN	0.420935284	0.055012969	-1.16434958	0.702074921	0.071373273	-135.8857009
2022-12-01	08:00:00	NaN	NaN	NaN	NaN	NaN	NaN	0.419689432	0.054311026	-1.171051124	0.702696214	0.071471033	-136.5565166
2022-12-01	08:30:00	NaN	NaN	NaN	NaN	NaN	NaN	0.41844358	0.053609083	-1.177752668	0.703315662	0.071567529	-137.2311712
2022-12-01	09:00:00	NaN	NaN	NaN	NaN	NaN	NaN	0.417197728	0.05290714	-1.184454211	0.703933266	0.071662762	-137.9096646
2022-12-01	09:30:00	NaN	NaN	NaN	NaN	NaN	NaN	0.415951876	0.052205197	-1.191155755	0.704549026	0.071756732	-138.5919968
2022-12-01	10:00:00	NaN	NaN	NaN	NaN	NaN	NaN	0.414706023	0.051503255	-1.197857299	0.705162941	0.071849438	-139.278168
2022-12-01	10:30:00	NaN	NaN	NaN	NaN	NaN	NaN	0.413460171	0.050801312	-1.204558843	0.705775012	0.07194088	-139.968178
2022-12-01	11:00:00	NaN	NaN	NaN	NaN	NaN	NaN	0.412214319	0.050099369	-1.211260387	0.706385239	0.072031059	-140.6620268
2022-12-01	11:30:00	NaN	NaN	NaN	NaN	NaN	NaN	0.410968467	0.049397426	-1.217961931	0.706993621	0.072119974	-141.3597145
2022-12-01	12:00:00	NaN	NaN	NaN	NaN	NaN	NaN	0.409722614	0.048695483	-1.224663475	NaN	NaN	NaN
2022-12-01	12:30:00	NaN	NaN	NaN	NaN	NaN	NaN	0.408476762	0.04799354	-1.231365019	NaN	NaN	NaN
2022-12-01	13:00:00	NaN	NaN	NaN	NaN	NaN	NaN	0.40723091	0.047291598	-1.238066563	NaN	NaN	NaN
2022-12-01	13:30:00	NaN	NaN	NaN	NaN	NaN	NaN	0.405985058	0.046589655	-1.244768107	NaN	NaN	NaN
2022-12-01	14:00:00	NaN	NaN	NaN	NaN	NaN	NaN	0.404739206	0.045887712	-1.251469651	NaN	NaN	NaN
2022-12-01	14:30:00	NaN	NaN	NaN	NaN	NaN	NaN	0.403493353	0.045185769	-1.258171195	NaN	NaN	NaN
2022-12-01	15:00:00	NaN	NaN	NaN	NaN	NaN	NaN	0.402247501	0.044483826	-1.264872739	NaN	NaN	NaN
2022-12-01	15:30:00	NaN	NaN	NaN	NaN	NaN	NaN	0.401001649	0.043781883	-1.271574282	NaN	NaN	NaN
2022-12-01	16:00:00	NaN	NaN	NaN	NaN	NaN	NaN	0.399755797	0.043079941	-1.278275826	NaN	NaN	NaN
2022-12-01	16:30:00	NaN	NaN	NaN	NaN	NaN	NaN	0.398509944	0.042377998	-1.28497737	NaN	NaN	NaN
2022-12-01	17:00:00	NaN	NaN	NaN	NaN	NaN	NaN	0.397264092	0.041676055	-1.291678914	NaN	NaN	NaN
2022-12-01	17:30:00	NaN	NaN	NaN	NaN	NaN	NaN	0.39601824	0.040974112	-1.298380458	NaN	NaN	NaN
2022-12-01	18:00:00	NaN	NaN	NaN	NaN	NaN	NaN	0.394772388	0.040272169	-1.305082002	NaN	NaN	NaN
2022-12-01	18:30:00	NaN	NaN	NaN	NaN	NaN	NaN	0.393526536	0.039570226	-1.311783546	NaN	NaN	NaN
2022-12-01	19:00:00	NaN	NaN	NaN	NaN	NaN	NaN	0.392280683	0.038868284	-1.31848509	NaN	NaN	NaN
2022-12-01	19:30:00	NaN	NaN	NaN	NaN	NaN	NaN	0.391034831	0.038166341	-1.325186634	NaN	NaN	NaN
2022-12-01	20:00:00	NaN	NaN	NaN	NaN	NaN	NaN	0.389788979	0.037464398	-1.331888178	NaN	NaN	NaN
2022-12-01	20:30:00	NaN	NaN	NaN	NaN	NaN	NaN	0.388543127	0.036762455	-1.338589722	NaN	NaN	NaN
2022-12-01	21:00:00	NaN	NaN	NaN	NaN	NaN	NaN	0.387297274	0.036060512	-1.345291266	NaN	NaN	NaN
2022-12-01	21:30:00	NaN	NaN	NaN	NaN	NaN	NaN	0.386051422	0.035358569	-1.351992809	NaN	NaN	NaN
2022-12-01	22:00:00	NaN	NaN	NaN	NaN	NaN	NaN	0.38480557	0.034656627	-1.358694353	NaN	NaN	NaN
2022-12-01	22:30:00	NaN	NaN	NaN	NaN	NaN	NaN	0.383559718	0.033954684	-1.365395897	NaN	NaN	NaN
2022-12-01	23:00:00	NaN	NaN	NaN	NaN	NaN	NaN	0.382313866	0.033252741	-1.372097441	NaN	NaN	NaN
2022-12-01	23:30:00	NaN	NaN	NaN	NaN	NaN	NaN	0.381068013	0.032550798	-1.378798985	NaN	NaN	NaN
2022-12-02	00:00:00	NaN	NaN	NaN	NaN	NaN	NaN	0.379822161	0.031848855	-1.385500529	NaN	NaN	NaN
2022-12-02	00:30:00	NaN	NaN	NaN	NaN	NaN	NaN	0.378576309	0.031146912	-1.392202073	NaN	NaN	NaN
2022-12-02	01:00:00	NaN	NaN	NaN	NaN	NaN	NaN	0.377330457	0.03044497	-1.398903617	NaN	NaN	NaN
2022-12-02	01:30:00	NaN	NaN	NaN	NaN	NaN	NaN	0.376084604	0.029743027	-1.405605161	NaN	NaN	NaN
2022-12-02	02:00:00	NaN	NaN	NaN	NaN	NaN	NaN	0.374838752	0.029041084	-1.412306705	NaN	NaN	NaN
2022-12-02	02:30:00	NaN	NaN	NaN	NaN	NaN	NaN	0.3735929	0.028339141	-1.419008249	NaN	NaN	NaN
2022-12-02	03:00:00	NaN	NaN	NaN	NaN	NaN	NaN	0.372347048	0.027637198	-1.425709793	NaN	NaN	NaN
2022-12-02	03:30:00	NaN	NaN	NaN	NaN	NaN	NaN	0.371101196	0.026935255	-1.432411336	NaN	NaN	NaN
2022-12-02	04:00:00	NaN	NaN	NaN	NaN	NaN	NaN	0.369855343	0.026233313	-1.43911288	NaN	NaN	NaN
2022-12-02	04:30:00	NaN	NaN	NaN	NaN	NaN	NaN	0.368609491	0.02553137	-1.445814424	NaN	NaN	NaN
2022-12-02	05:00:00	NaN	NaN	NaN	NaN	NaN	NaN	0.367363639	0.024829427	-1.452515968	NaN	NaN	NaN
2022-12-02	05:30:00	NaN	NaN	NaN	NaN	NaN	NaN	0.366117787	0.024127484	-1.459217512	NaN	NaN	NaN
2022-12-02	06:00:00	NaN	NaN	NaN	NaN	NaN	NaN	0.364871934	0.023425541	-1.465919056	NaN	NaN	NaN
2022-12-02	06:30:00	NaN	NaN	NaN	NaN	NaN	NaN	0.363626082	0.022723598	-1.4726206	NaN	NaN	NaN
2022-12-02	07:00:00	NaN	NaN	NaN	NaN	NaN	NaN	0.36238023	0.022021656	-1.479322144	NaN	NaN	NaN
2022-12-02	07:30:00	NaN	NaN	NaN	NaN	NaN	NaN	0.361134378	0.021319713	-1.486023688	NaN	NaN	NaN
2022-12-02	08:00:00	NaN	NaN	NaN	NaN	NaN	NaN	0.359888526	0.02061777	-1.492725232	NaN	NaN	NaN
2022-12-02	08:30:00	NaN	NaN	NaN	NaN	NaN	NaN	0.358642673	0.019915827	-1.499426776	NaN	NaN	NaN
2022-12-02	09:00:00	NaN	NaN	NaN	NaN	NaN	NaN	0.357396821	0.019213884	-1.50612832	NaN	NaN	NaN
2022-12-02	09:30:00	NaN	NaN	NaN	NaN	NaN	NaN	0.356150969	0.018511941	-1.512829864	NaN	NaN	NaN
2022-12-02	10:00:00	NaN	NaN	NaN	NaN	NaN	NaN	0.354905117	0.017809999	-1.519531407	NaN	NaN	NaN
2022-12-02	10:30:00	NaN	NaN	NaN	NaN	NaN	NaN	0.353659264	0.017108056	-1.526232951	NaN	NaN	NaN
2022-12-02	11:00:00	NaN	NaN	NaN	NaN	NaN	NaN	0.352413412	0.016406113	-1.532934495	NaN	NaN	NaN
2022-12-02	11:30:00	NaN	NaN	NaN	NaN	NaN	NaN	0.35116756	0.01570417	-1.539636039	NaN	NaN	NaN
2022-12-02	12:00:00	NaN	NaN	NaN	NaN	NaN	NaN	0.349921708	0.015002227	-1.546337583	NaN	NaN	NaN
2022-12-02	12:30:00	NaN	NaN	NaN	NaN	NaN	NaN	0.348675856	0.014300284	-1.553039127	NaN	NaN	NaN
2022-12-02	13:00:00	NaN	NaN	NaN	NaN	NaN	NaN	0.347430003	0.013598342	-1.559740671	NaN	NaN	NaN
2022-12-02	13:30:00	NaN	NaN	NaN	NaN	NaN	NaN	0.346184151	0.012896399	-1.566442215	NaN	NaN	NaN
2022-12-02	14:00:00	NaN	NaN	NaN	NaN	NaN	NaN	0.344938299	0.012194456	-1.573143759	NaN	NaN	NaN
2022-12-02	14:30:00	NaN	NaN	NaN	NaN	NaN	NaN	0.343692447	0.011492513	-1.579845303	NaN	NaN	NaN
2022-12-02	15:00:00	NaN	NaN	NaN	NaN	NaN	NaN	0.342446594	0.01079057	-1.586546847	NaN	NaN	NaN
2022-12-02	15:30:00	NaN	NaN	NaN	NaN	NaN	NaN	0.341200742	0.010088627	-1.593248391	NaN	NaN	NaN
2022-12-02	16:00:00	NaN	NaN	NaN	NaN	NaN	NaN	0.33995489	0.009386685	-1.599949934	NaN	NaN	NaN
2022-12-02	16:30:00	NaN	NaN	NaN	NaN	NaN	NaN	0.338709038	0.008684742	-1.606651478	NaN	NaN	NaN
2022-12-02	17:00:00	NaN	NaN	NaN	NaN	NaN	NaN	0.337463186	0.007982799	-1.613353022	NaN	NaN	NaN
2022-12-02	17:30:00	NaN	NaN	NaN	NaN	NaN	NaN	0.336217333	0.007280856	-1.620054566	NaN	NaN	NaN
2022-12-02	18:00:00	NaN	NaN	NaN	NaN	NaN	NaN	0.334971481	0.006578913	-1.62675611	NaN	NaN	NaN
2022-12-02	18:30:00	NaN	NaN	NaN	NaN	NaN	NaN	0.333725629	0.005876971	-1.633457654	NaN	NaN	NaN
2022-12-02	19:00:00	NaN	NaN	NaN	NaN	NaN	NaN	0.332479777	0.005175028	-1.640159198	NaN	NaN	NaN
2022-12-02	19:30:00	NaN	NaN	NaN	NaN	NaN	NaN	0.331233924	0.004473085	-1.646860742	NaN	NaN	NaN
2022-12-02	20:00:00	NaN	NaN	NaN	NaN	NaN	NaN	0.329988072	0.003771142	-1.653562286	NaN	NaN	NaN
2022-12-02	20:30:00	NaN	NaN	NaN	NaN	NaN	NaN	0.32874222	0.003069199	-1.66026383	NaN	NaN	NaN
2022-12-02	21:00:00	NaN	NaN	NaN	NaN	NaN	NaN	0.327496368	0.002367256	-1.666965374	NaN	NaN	NaN
2022-12-02	21:30:00	NaN	NaN	NaN	NaN	NaN	NaN	0.326250516	0.001665314	-1.673666918	NaN	NaN	NaN
2022-12-02	22:00:00	NaN	NaN	NaN	NaN	NaN	NaN	0.325004663	0.000963371	-1.680368462	NaN	NaN	NaN
2022-12-02	22:30:00	NaN	NaN	NaN	NaN	NaN	NaN	0.323758811	0.000261428	-1.687070005	NaN	NaN	NaN
2022-12-02	23:00:00	NaN	NaN	NaN	NaN	NaN	NaN	0.322512959	-0.000440515	-1.693771549	NaN	NaN	NaN
2022-12-02	23:30:00	NaN	NaN	NaN	NaN	NaN	NaN	0.321267107	-0.001142458	-1.700473093	NaN	NaN	NaN
2022-12-03	00:00:00	NaN	NaN	NaN	NaN	NaN	NaN	0.320021254	-0.001844401	-1.707174637	NaN	NaN	NaN
2022-12-03	00:30:00	NaN	NaN	NaN	NaN	NaN	NaN	0.318775402	-0.002546343	-1.713876181	NaN	NaN	NaN
2022-12-03	01:00:00	NaN	NaN	NaN	NaN	NaN	NaN	0.31752955	-0.003248286	-1.720577725	NaN	NaN	NaN
2022-12-03	01:30:00	NaN	NaN	NaN	NaN	NaN	NaN	0.316283698	-0.003950229	-1.727279269	NaN	NaN	NaN
2022-12-03	02:00:00	NaN	NaN	NaN	NaN	NaN	NaN	0.315037846	-0.004652172	-1.733980813	NaN	NaN	NaN
2022-12-03	02:30:00	NaN	NaN	NaN	NaN	NaN	NaN	0.313791993	-0.005354115	-1.740682357	NaN	NaN	NaN
2022-12-03	03:00:00	NaN	NaN	NaN	NaN	NaN	NaN	0.312546141	-0.006056058	-1.747383901	NaN	NaN	NaN
2022-12-03	03:30:00	NaN	NaN	NaN	NaN	NaN	NaN	0.311300289	-0.006758	-1.754085445	NaN	NaN	NaN
2022-12-03	04:00:00	NaN	NaN	NaN	NaN	NaN	NaN	0.310054437	-0.007459943	-1.760786989	NaN	NaN	NaN
2022-12-03	04:30:00	NaN	NaN	NaN	NaN	NaN	NaN	0.308808584	-0.008161886	-1.767488532	NaN	NaN	NaN
2022-12-03	05:00:00	NaN	NaN	NaN	NaN	NaN	NaN	0.307562732	-0.008863829	-1.774190076	NaN	NaN	NaN
2022-12-03	05:30:00	NaN	NaN	NaN	NaN	NaN	NaN	0.30631688	-0.009565772	-1.78089162	NaN	NaN	NaN
2022-12-03	06:00:00	NaN	NaN	NaN	NaN	NaN	NaN	0.305071028	-0.010267715	-1.787593164	NaN	NaN	NaN
2022-12-03	06:30:00	NaN	NaN	NaN	NaN	NaN	NaN	0.303825176	-0.010969657	-1.794294708	NaN	NaN	NaN
2022-12-03	07:00:00	NaN	NaN	NaN	NaN	NaN	NaN	0.302579323	-0.0116716	-1.800996252	NaN	NaN	NaN
2022-12-03	07:30:00	NaN	NaN	NaN	NaN	NaN	NaN	0.301333471	-0.012373543	-1.807697796	NaN	NaN	NaN
2022-12-03	08:00:00	NaN	NaN	NaN	NaN	NaN	NaN	0.300087619	-0.013075486	-1.81439934	NaN	NaN	NaN
2022-12-03	08:30:00	NaN	NaN	NaN	NaN	NaN	NaN	0.298841767	-0.013777429	-1.821100884	NaN	NaN	NaN
2022-12-03	09:00:00	NaN	NaN	NaN	NaN	NaN	NaN	0.297595914	-0.014479372	-1.827802428	NaN	NaN	NaN
2022-12-03	09:30:00	NaN	NaN	NaN	NaN	NaN	NaN	0.296350062	-0.015181314	-1.834503972	NaN	NaN	NaN
2022-12-03	10:00:00	NaN	NaN	NaN	NaN	NaN	NaN	0.29510421	-0.015883257	-1.841205516	NaN	NaN	NaN
2022-12-03	10:30:00	NaN	NaN	NaN	NaN	NaN	NaN	0.293858358	-0.0165852	-1.84790706	NaN	NaN	NaN
2022-12-03	11:00:00	NaN	NaN	NaN	NaN	NaN	NaN	0.292612506	-0.017287143	-1.854608603	NaN	NaN	NaN
2022-12-03	11:30:00	NaN	NaN	NaN	NaN	NaN	NaN	0.291366653	-0.017989086	-1.861310147	NaN	NaN	NaN
2022-12-03	12:00:00	NaN	NaN	NaN	NaN	NaN	NaN	0.290120801	-0.018691029	-1.868011691	NaN	NaN	NaN
2022-12-03	12:30:00	NaN	NaN	NaN	NaN	NaN	NaN	0.288874949	-0.019392971	-1.874713235	NaN	NaN	NaN
2022-12-03	13:00:00	NaN	NaN	NaN	NaN	NaN	NaN	0.287629097	-0.020094914	-1.881414779	NaN	NaN	NaN
2022-12-03	13:30:00	NaN	NaN	NaN	NaN	NaN	NaN	0.286383244	-0.020796857	-1.888116323	NaN	NaN	NaN
2022-12-03	14:00:00	1.631695542	0.347759049	104677.6709	0.285137392	-0.0214988	-1.894817867	0.285137392	-0.0214988	-1.894817867	NaN	NaN	NaN
2022-12-03	14:30:00	NaN	NaN	NaN	NaN	NaN	NaN	0.282785609	-0.018903386	-1.87851318	NaN	NaN	NaN
2022-12-03	15:00:00	NaN	NaN	NaN	NaN	NaN	NaN	0.280433826	-0.016307973	-1.862208493	NaN	NaN	NaN
2022-12-03	15:30:00	NaN	NaN	NaN	NaN	NaN	NaN	0.278082042	-0.013712559	-1.845903806	NaN	NaN	NaN
2022-12-03	16:00:00	NaN	NaN	NaN	NaN	NaN	NaN	0.275730259	-0.011117145	-1.829599119	NaN	NaN	NaN
2022-12-03	16:30:00	NaN	NaN	NaN	NaN	NaN	NaN	0.273378476	-0.008521732	-1.813294431	NaN	NaN	NaN
2022-12-03	17:00:00	NaN	NaN	NaN	NaN	NaN	NaN	0.271026693	-0.005926318	-1.796989744	NaN	NaN	NaN
2022-12-03	17:30:00	NaN	NaN	NaN	NaN	NaN	NaN	0.268674909	-0.003330904	-1.780685057	NaN	NaN	NaN
2022-12-03	18:00:00	NaN	NaN	NaN	NaN	NaN	NaN	0.266323126	-0.000735491	-1.76438037	NaN	NaN	NaN
2022-12-03	18:30:00	NaN	NaN	NaN	NaN	NaN	NaN	0.263971343	0.001859923	-1.748075683	NaN	NaN	NaN
2022-12-03	19:00:00	NaN	NaN	NaN	NaN	NaN	NaN	0.261619559	0.004455337	-1.731770996	NaN	NaN	NaN
2022-12-03	19:30:00	NaN	NaN	NaN	NaN	NaN	NaN	0.259267776	0.00705075	-1.715466309	NaN	NaN	NaN
2022-12-03	20:00:00	NaN	NaN	NaN	NaN	NaN	NaN	0.256915993	0.009646164	-1.699161622	NaN	NaN	NaN
2022-12-03	20:30:00	NaN	NaN	NaN	NaN	NaN	NaN	0.25456421	0.012241578	-1.682856935	NaN	NaN	NaN
2022-12-03	21:00:00	NaN	NaN	NaN	NaN	NaN	NaN	0.252212426	0.014836991	-1.666552248	NaN	NaN	NaN
2022-12-03	21:30:00	NaN	NaN	NaN	NaN	NaN	NaN	0.249860643	0.017432405	-1.65024756	NaN	NaN	NaN
2022-12-03	22:00:00	NaN	NaN	NaN	NaN	NaN	NaN	0.24750886	0.020027819	-1.633942873	NaN	NaN	NaN
2022-12-03	22:30:00	NaN	NaN	NaN	NaN	NaN	NaN	0.245157077	0.022623232	-1.617638186	NaN	NaN	NaN
2022-12-03	23:00:00	NaN	NaN	NaN	NaN	NaN	NaN	0.242805293	0.025218646	-1.601333499	NaN	NaN	NaN
2022-12-03	23:30:00	NaN	NaN	NaN	NaN	NaN	NaN	0.24045351	0.02781406	-1.585028812	NaN	NaN	NaN
2022-12-04	00:00:00	NaN	NaN	NaN	NaN	NaN	NaN	0.238101727	0.030409473	-1.568724125	NaN	NaN	NaN
2022-12-04	00:30:00	NaN	NaN	NaN	NaN	NaN	NaN	0.235749944	0.033004887	-1.552419438	NaN	NaN	NaN
2022-12-04	01:00:00	NaN	NaN	NaN	NaN	NaN	NaN	0.23339816	0.035600301	-1.536114751	NaN	NaN	NaN
2022-12-04	01:30:00	NaN	NaN	NaN	NaN	NaN	NaN	0.231046377	0.038195714	-1.519810064	NaN	NaN	NaN
2022-12-04	02:00:00	NaN	NaN	NaN	NaN	NaN	NaN	0.228694594	0.040791128	-1.503505377	NaN	NaN	NaN
2022-12-04	02:30:00	NaN	NaN	NaN	NaN	NaN	NaN	0.22634281	0.043386542	-1.487200689	NaN	NaN	NaN
2022-12-04	03:00:00	NaN	NaN	NaN	NaN	NaN	NaN	0.223991027	0.045981955	-1.470896002	NaN	NaN	NaN
2022-12-04	03:30:00	NaN	NaN	NaN	NaN	NaN	NaN	0.221639244	0.048577369	-1.454591315	NaN	NaN	NaN
2022-12-04	04:00:00	NaN	NaN	NaN	NaN	NaN	NaN	0.219287461	0.051172783	-1.438286628	NaN	NaN	NaN
2022-12-04	04:30:00	NaN	NaN	NaN	NaN	NaN	NaN	0.216935677	0.053768196	-1.421981941	NaN	NaN	NaN
2022-12-04	05:00:00	NaN	NaN	NaN	NaN	NaN	NaN	0.214583894	0.05636361	-1.405677254	NaN	NaN	NaN
2022-12-04	05:30:00	NaN	NaN	NaN	NaN	NaN	NaN	0.212232111	0.058959024	-1.389372567	NaN	NaN	NaN
2022-12-04	06:00:00	NaN	NaN	NaN	NaN	NaN	NaN	0.209880328	0.061554437	-1.37306788	NaN	NaN	NaN
2022-12-04	06:30:00	1.15848069	0.946104428	104458.4213	0.207528544	0.064149851	-1.356763193	0.207528544	0.064149851	-1.356763193	NaN	NaN	NaN
2022-12-04	07:00:00	NaN	NaN	NaN	NaN	NaN	NaN	0.205176761	0.066745265	-1.340458505	NaN	NaN	NaN
2022-12-04	07:30:00	NaN	NaN	NaN	NaN	NaN	NaN	0.202824978	0.069340678	-1.324153818	NaN	NaN	NaN
2022-12-04	08:00:00	NaN	NaN	NaN	NaN	NaN	NaN	0.200473194	0.071936092	-1.307849131	NaN	NaN	NaN
2022-12-04	08:30:00	NaN	NaN	NaN	NaN	NaN	NaN	0.198121411	0.074531506	-1.291544444	NaN	NaN	NaN
2022-12-04	09:00:00	NaN	NaN	NaN	NaN	NaN	NaN	0.195769628	0.077126919	-1.275239757	NaN	NaN	NaN
2022-12-04	09:30:00	NaN	NaN	NaN	NaN	NaN	NaN	0.193417845	0.079722333	-1.25893507	NaN	NaN	NaN
2022-12-04	10:00:00	NaN	NaN	NaN	NaN	NaN	NaN	0.191066061	0.082317747	-1.242630383	NaN	NaN	NaN
2022-12-04	10:30:00	NaN	NaN	NaN	NaN	NaN	NaN	0.188714278	0.08491316	-1.226325696	NaN	NaN	NaN
2022-12-04	11:00:00	NaN	NaN	NaN	NaN	NaN	NaN	0.186362495	0.087508574	-1.210021009	NaN	NaN	NaN
2022-12-04	11:30:00	NaN	NaN	NaN	NaN	NaN	NaN	0.184010712	0.090103988	-1.193716322	NaN	NaN	NaN
2022-12-04	12:00:00	NaN	NaN	NaN	NaN	NaN	NaN	0.181658928	0.092699402	-1.177411634	NaN	NaN	NaN
2022-12-04	12:30:00	NaN	NaN	NaN	NaN	NaN	NaN	0.179307145	0.095294815	-1.161106947	NaN	NaN	NaN
2022-12-04	13:00:00	NaN	NaN	NaN	NaN	NaN	NaN	0.176955362	0.097890229	-1.14480226	NaN	NaN	NaN
2022-12-04	13:30:00	NaN	NaN	NaN	NaN	NaN	NaN	0.174603579	0.100485643	-1.128497573	NaN	NaN	NaN
2022-12-04	14:00:00	NaN	NaN	NaN	NaN	NaN	NaN	0.172251795	0.103081056	-1.112192886	NaN	NaN	NaN
2022-12-04	14:30:00	NaN	NaN	NaN	NaN	NaN	NaN	0.169900012	0.10567647	-1.095888199	NaN	NaN	NaN
2022-12-04	15:00:00	NaN	NaN	NaN	NaN	NaN	NaN	0.167548229	0.108271884	-1.079583512	NaN	NaN	NaN
2022-12-04	15:30:00	NaN	NaN	NaN	NaN	NaN	NaN	0.165196445	0.110867297	-1.063278825	NaN	NaN	NaN
2022-12-04	16:00:00	NaN	NaN	NaN	NaN	NaN	NaN	0.162844662	0.113462711	-1.046974138	NaN	NaN	NaN
2022-12-04	16:30:00	NaN	NaN	NaN	NaN	NaN	NaN	0.160492879	0.116058125	-1.030669451	NaN	NaN	NaN
2022-12-04	17:00:00	NaN	NaN	NaN	NaN	NaN	NaN	0.158141096	0.118653538	-1.014364763	NaN	NaN	NaN
2022-12-04	17:30:00	NaN	NaN	NaN	NaN	NaN	NaN	0.155789312	0.121248952	-0.998060076	NaN	NaN	NaN
2022-12-04	18:00:00	NaN	NaN	NaN	NaN	NaN	NaN	0.153437529	0.123844366	-0.981755389	NaN	NaN	NaN
2022-12-04	18:30:00	NaN	NaN	NaN	NaN	NaN	NaN	0.151085746	0.126439779	-0.965450702	NaN	NaN	NaN
2022-12-04	19:00:00	NaN	NaN	NaN	NaN	NaN	NaN	0.148733963	0.129035193	-0.949146015	NaN	NaN	NaN
2022-12-04	19:30:00	NaN	NaN	NaN	NaN	NaN	NaN	0.146382179	0.131630607	-0.932841328	NaN	NaN	NaN
2022-12-04	20:00:00	NaN	NaN	NaN	NaN	NaN	NaN	0.144030396	0.13422602	-0.916536641	NaN	NaN	NaN
2022-12-04	20:30:00	NaN	NaN	NaN	NaN	NaN	NaN	0.141678613	0.136821434	-0.900231954	NaN	NaN	NaN
2022-12-04	21:00:00	NaN	NaN	NaN	NaN	NaN	NaN	0.139326829	0.139416848	-0.883927267	NaN	NaN	NaN
2022-12-04	21:30:00	NaN	NaN	NaN	NaN	NaN	NaN	0.136975046	0.142012261	-0.86762258	NaN	NaN	NaN
2022-12-04	22:00:00	NaN	NaN	NaN	NaN	NaN	NaN	0.134623263	0.144607675	-0.851317892	NaN	NaN	NaN
2022-12-04	22:30:00	NaN	NaN	NaN	NaN	NaN	NaN	0.13227148	0.147203089	-0.835013205	NaN	NaN	NaN
2022-12-04	23:00:00	NaN	NaN	NaN	NaN	NaN	NaN	0.129919696	0.149798502	-0.818708518	NaN	NaN	NaN
2022-12-04	23:30:00	NaN	NaN	NaN	NaN	NaN	NaN	0.127567913	0.152393916	-0.802403831	NaN	NaN	NaN
2022-12-05	00:00:00	NaN	NaN	NaN	NaN	NaN	NaN	0.12521613	0.15498933	-0.786099144	NaN	NaN	NaN
2022-12-05	00:30:00	NaN	NaN	NaN	NaN	NaN	NaN	0.122864347	0.157584743	-0.769794457	NaN	NaN	NaN
2022-12-05	01:00:00	NaN	NaN	NaN	NaN	NaN	NaN	0.120512563	0.160180157	-0.75348977	NaN	NaN	NaN
2022-12-05	01:30:00	NaN	NaN	NaN	NaN	NaN	NaN	0.11816078	0.162775571	-0.737185083	NaN	NaN	NaN
2022-12-05	02:00:00	NaN	NaN	NaN	NaN	NaN	NaN	0.115808997	0.165370984	-0.720880396	NaN	NaN	NaN
2022-12-05	02:30:00	NaN	NaN	NaN	NaN	NaN	NaN	0.113457214	0.167966398	-0.704575709	NaN	NaN	NaN
2022-12-05	03:00:00	NaN	NaN	NaN	NaN	NaN	NaN	0.11110543	0.170561812	-0.688271021	NaN	NaN	NaN
2022-12-05	03:30:00	NaN	NaN	NaN	NaN	NaN	NaN	0.108753647	0.173157225	-0.671966334	NaN	NaN	NaN
2022-12-05	04:00:00	NaN	NaN	NaN	NaN	NaN	NaN	0.106401864	0.175752639	-0.655661647	NaN	NaN	NaN
2022-12-05	04:30:00	NaN	NaN	NaN	NaN	NaN	NaN	0.10405008	0.178348053	-0.63935696	NaN	NaN	NaN
2022-12-05	05:00:00	NaN	NaN	NaN	NaN	NaN	NaN	0.101698297	0.180943466	-0.623052273	NaN	NaN	NaN
2022-12-05	05:30:00	NaN	NaN	NaN	NaN	NaN	NaN	0.099346514	0.18353888	-0.606747586	NaN	NaN	NaN
2022-12-05	06:00:00	NaN	NaN	NaN	NaN	NaN	NaN	0.096994731	0.186134294	-0.590442899	NaN	NaN	NaN
2022-12-05	06:30:00	NaN	NaN	NaN	NaN	NaN	NaN	0.094642947	0.188729707	-0.574138212	NaN	NaN	NaN
2022-12-05	07:00:00	NaN	NaN	NaN	NaN	NaN	NaN	0.092291164	0.191325121	-0.557833525	NaN	NaN	NaN
2022-12-05	07:30:00	NaN	NaN	NaN	NaN	NaN	NaN	0.089939381	0.193920535	-0.541528837	NaN	NaN	NaN
2022-12-05	08:00:00	NaN	NaN	NaN	NaN	NaN	NaN	0.087587598	0.196515948	-0.52522415	NaN	NaN	NaN
2022-12-05	08:30:00	NaN	NaN	NaN	NaN	NaN	NaN	0.085235814	0.199111362	-0.508919463	NaN	NaN	NaN
2022-12-05	09:00:00	NaN	NaN	NaN	NaN	NaN	NaN	0.082884031	0.201706776	-0.492614776	NaN	NaN	NaN
2022-12-05	09:30:00	NaN	NaN	NaN	NaN	NaN	NaN	0.080532248	0.204302189	-0.476310089	NaN	NaN	NaN
2022-12-05	10:00:00	NaN	NaN	NaN	NaN	NaN	NaN	0.078180464	0.206897603	-0.460005402	NaN	NaN	NaN
2022-12-05	10:30:00	NaN	NaN	NaN	NaN	NaN	NaN	0.075828681	0.209493017	-0.443700715	NaN	NaN	NaN
2022-12-05	11:00:00	NaN	NaN	NaN	NaN	NaN	NaN	0.073476898	0.21208843	-0.427396028	NaN	NaN	NaN
