st_date	st_time	WS	airT	Pair	emis_NH3	emis_CH4	emis_N2O	emis_NH3_gap	emis_CH4_gap	emis_N2O_gap	cum_NH3_gN	cum_CH4_gCH4	cum_N2O_mgN
2022-11-24	10:30:00	2.137416856	6.028971852	102175.1624	0.036868116	1.94830705	-1.446239724	0.036868116	1.94830705	-1.446239724	NaN	NaN	NaN
2022-11-24	11:00:00	2.285491286	5.991064729	102210.0569	0.051156785	2.339932984	-0.909130289	0.051156785	2.339932984	-0.909130289	7.57E-05	0.004211879	-0.520779029
2022-11-24	11:30:00	3.02248828	6.020738464	102156.541	0.074063727	2.965968404	-2.463988788	0.074063727	2.965968404	-2.463988788	0.000185372	0.009550622	-1.932230944
2022-11-24	12:00:00	2.728575413	6.305404007	102180.707	0.081263627	2.504369385	-1.971601115	0.081263627	2.504369385	-1.971601115	0.000305671	0.014058487	-3.061627387
2022-11-24	12:30:00	2.360795512	6.454953519	102236.2165	0.04501515	2.089010687	-1.39501819	0.04501515	2.089010687	-1.39501819	0.00037231	0.017818707	-3.86073861
2022-11-24	13:00:00	2.135054067	6.586754499	102304.3159	0.022206263	1.67338475	-1.154334802	0.022206263	1.67338475	-1.154334802	0.000405184	0.020830799	-4.52197866
2022-11-24	13:30:00	2.302925066	6.685835576	102349.8759	0.046240223	1.862877133	-0.966020608	0.046240223	1.862877133	-0.966020608	0.000473636	0.024183978	-5.075346291
2022-11-24	14:00:00	1.891875039	6.779068776	102336.0963	0.04259945	1.478394885	-1.314536008	0.04259945	1.478394885	-1.314536008	0.000536698	0.026845089	-5.828354736
2022-11-24	14:30:00	2.441862449	6.750898072	102388.8745	0.019974446	1.964670208	-0.798210784	0.019974446	1.964670208	-0.798210784	0.000566268	0.030381495	-6.28559551
2022-11-24	15:00:00	NaN	NaN	NaN	NaN	NaN	NaN	0.021645258	1.892185585	-0.698921193	0.000598311	0.033787429	-6.685960017
2022-11-24	15:30:00	2.082182543	6.72432249	102397.1668	0.02331607	1.819700962	-0.599631602	0.02331607	1.819700962	-0.599631602	0.000632827	0.037062891	-7.029448257
2022-11-24	16:00:00	1.901087647	6.680300615	102408.3194	0.030292698	1.612632783	-0.874425934	0.030292698	1.612632783	-0.874425934	0.000677671	0.03996563	-7.530347517
2022-11-24	16:30:00	2.227153216	6.688611907	102424.9808	0.045758059	1.994614305	-1.059530635	0.045758059	1.994614305	-1.059530635	0.00074541	0.043555936	-8.137280695
2022-11-24	17:00:00	NaN	NaN	NaN	NaN	NaN	NaN	0.047672226	1.738830808	-0.854840829	0.000815982	0.046685831	-8.626960977
2022-11-24	17:30:00	1.923945222	6.681236807	102441.6579	0.049586394	1.483047311	-0.650151022	0.049586394	1.483047311	-0.650151022	0.000889388	0.049355316	-8.999388363
2022-11-24	18:00:00	2.179253337	6.643602209	102449.9598	0.068331136	1.760661616	-1.49994447	0.068331136	1.760661616	-1.49994447	0.000990543	0.052524507	-9.858604731
2022-11-24	18:30:00	2.283873057	6.524686561	102491.5857	0.077789987	2.163089945	-0.729594319	0.077789987	2.163089945	-0.729594319	0.0011057	0.056418069	-10.27653979
2022-11-24	19:00:00	2.149311287	6.532346421	102499.9091	0.086531378	1.964273268	-1.569355753	0.086531378	1.964273268	-1.569355753	0.001233798	0.059953761	-11.17551717
2022-11-24	19:30:00	1.899691858	6.356193089	102547.7864	0.060769687	1.584999688	-0.561321928	0.060769687	1.584999688	-0.561321928	0.001323759	0.06280676	-11.4970604
2022-11-24	20:00:00	1.995347512	6.325846288	102602.6376	0.077808557	1.814900821	-0.584937811	0.077808557	1.814900821	-0.584937811	0.001438944	0.066073582	-11.83213156
2022-11-24	20:30:00	2.237494697	6.369878445	102647.1969	0.105615419	2.435847211	-1.193228219	0.105615419	2.435847211	-1.193228219	0.001595293	0.070458107	-12.51565101
2022-11-24	21:00:00	2.218745065	6.378876071	102661.1606	0.092818389	1.875949201	-0.670040242	0.092818389	1.875949201	-0.670040242	0.001732698	0.073834815	-12.89947158
2022-11-24	21:30:00	1.819427263	6.417925036	102722.091	0.099294823	1.726443775	-0.27622867	0.099294823	1.726443775	-0.27622867	0.00187969	0.076942414	-13.05770424
2022-11-24	22:00:00	1.778339929	6.485918759	102674.9293	0.085875202	1.4672494	-0.171257849	0.085875202	1.4672494	-0.171257849	0.002006817	0.079583463	-13.15580623
2022-11-24	22:30:00	1.943276727	6.498780479	102674.8725	0.107550508	1.715499014	-0.303231232	0.107550508	1.715499014	-0.303231232	0.002166031	0.082671361	-13.32950682
2022-11-24	23:00:00	2.35524818	6.515980125	102688.8236	0.120607368	1.987512249	-0.020584546	0.120607368	1.987512249	-0.020584546	0.002344573	0.086248883	-13.34129831
2022-11-24	23:30:00	1.88415878	6.524183616	102764.0001	0.115977357	1.829186378	-0.958239453	0.115977357	1.829186378	-0.958239453	0.002516262	0.089541419	-13.89020864
2022-11-25	00:00:00	2.181594705	6.550986683	102763.6713	0.137216767	1.985347614	-0.944139393	0.137216767	1.985347614	-0.944139393	0.002719392	0.093115045	-14.43104201
2022-11-25	00:30:00	1.993778806	6.572813396	102783.2762	0.122783628	1.729754371	-1.121855601	0.122783628	1.729754371	-1.121855601	0.002901157	0.096228603	-15.07367693
2022-11-25	01:00:00	2.10522784	6.612547978	102763.7222	0.130046738	1.950507774	-0.874889168	0.130046738	1.950507774	-0.874889168	0.003093673	0.099739517	-15.57484155
2022-11-25	01:30:00	1.965481633	6.584013846	102778.0987	0.114544794	1.739992337	-0.699668607	0.114544794	1.739992337	-0.699668607	0.003263241	0.102871503	-15.9756342
2022-11-25	02:00:00	NaN	NaN	NaN	NaN	NaN	NaN	0.125823257	1.893637472	-0.614862828	0.003449505	0.10628005	-16.32784737
2022-11-25	02:30:00	2.193692386	6.423340207	102680.6864	0.13710172	2.047282608	-0.530057048	0.13710172	2.047282608	-0.530057048	0.003652465	0.109965159	-16.63148107
2022-11-25	03:00:00	2.148897477	6.2873441	102711.0494	0.120196562	0.735855172	-0.494055658	0.120196562	0.735855172	-0.494055658	0.0038304	0.111289698	-16.91449202
2022-11-25	03:30:00	2.842221349	6.344770177	102716.6661	0.162256133	2.365751228	-0.195219342	0.162256133	2.365751228	-0.195219342	0.004070598	0.11554805	-17.02631993
2022-11-25	04:00:00	2.49443937	6.158472072	102709.236	0.141168019	1.752892832	-0.803662363	0.141168019	1.752892832	-0.803662363	0.004279578	0.118703257	-17.48668355
2022-11-25	04:30:00	3.005733305	6.127039005	102718.5202	0.181786949	2.390811617	-0.841137305	0.181786949	2.390811617	-0.841137305	0.004548688	0.123006718	-17.96851401
2022-11-25	05:00:00	NaN	NaN	NaN	NaN	NaN	NaN	0.198730029	2.574841365	-1.115658449	0.004842881	0.127641433	-18.607599
2022-11-25	05:30:00	2.811936537	6.844780421	102643.5978	0.215673108	2.758871114	-1.390179593	0.215673108	2.758871114	-1.390179593	0.005162155	0.132607401	-19.40393852
2022-11-25	06:00:00	2.906739277	6.96086914	102677.8244	0.188345948	2.666901856	-2.240777104	0.188345948	2.666901856	-2.240777104	0.005440976	0.137407824	-20.68752762
2022-11-25	06:30:00	3.244898656	6.778581915	102698.5249	0.173447783	2.980730652	0.054312776	0.173447783	2.980730652	0.054312776	0.005697741	0.142773139	-20.65641551
2022-11-25	07:00:00	NaN	NaN	NaN	NaN	NaN	NaN	0.139926555	2.68289171	-0.40118719	0.005904884	0.147602344	-20.88622842
2022-11-25	07:30:00	2.953345488	6.601309757	102665.3236	0.106405328	2.385052768	-0.856687155	0.106405328	2.385052768	-0.856687155	0.006062402	0.151895439	-21.37696634
2022-11-25	08:00:00	2.934230733	6.604671885	102744.3986	0.105759836	2.553322553	-0.400615044	0.105759836	2.553322553	-0.400615044	0.006218965	0.15649142	-21.6064515
2022-11-25	08:30:00	2.861599127	6.690215437	102808.3517	0.113953046	2.738465604	-1.56255591	0.113953046	2.738465604	-1.56255591	0.006387657	0.161420658	-22.50153371
2022-11-25	09:00:00	3.142946133	6.920568543	102811.0494	0.113789491	2.758868013	-0.142755499	0.113789491	2.758868013	-0.142755499	0.006556107	0.166386621	-22.58330865
2022-11-25	09:30:00	3.198513054	7.090005244	102844.5163	0.124568658	3.029010558	-0.605937308	0.124568658	3.029010558	-0.605937308	0.006740513	0.17183884	-22.930409
2022-11-25	10:00:00	3.681393795	7.160337165	102813.7172	0.099439954	3.382667091	0.065361048	0.099439954	3.382667091	0.065361048	0.006887721	0.17792764	-22.89296809
2022-11-25	10:30:00	3.470933476	7.214109445	102783.6007	0.10663578	3.215280878	-0.056229893	0.10663578	3.215280878	-0.056229893	0.00704558	0.183715146	-22.92517838
2022-11-25	11:00:00	3.475035392	7.169748489	102861.1556	0.095028467	3.289581489	-1.668540967	0.095028467	3.289581489	-1.668540967	0.007186257	0.189636393	-23.88097224
2022-11-25	11:30:00	3.062085253	7.158665548	102866.8135	0.07677347	2.692577462	-0.759531799	0.07677347	2.692577462	-0.759531799	0.007299909	0.194483032	-24.31605645
2022-11-25	12:00:00	2.435623159	7.131149864	102813.9439	0.064103164	1.941925158	-0.669168633	0.064103164	1.941925158	-0.669168633	0.007394805	0.197978497	-24.69937773
2022-11-25	12:30:00	3.073819535	7.037119782	102849.9161	0.076879365	2.64380478	-1.19566846	0.076879365	2.64380478	-1.19566846	0.007508615	0.202737346	-25.38429503
2022-11-25	13:00:00	2.978726045	6.782037477	102852.629	0.078439532	2.371570093	-1.247338481	0.078439532	2.371570093	-1.247338481	0.007624734	0.207006172	-26.09881057
2022-11-25	13:30:00	3.012701483	6.587484967	102872.1542	0.100766544	2.53294694	-1.352553207	0.100766544	2.53294694	-1.352553207	0.007773905	0.211565477	-26.87359649
2022-11-25	14:00:00	2.849151679	6.505047562	102877.7751	0.106176072	2.591022173	-0.63078467	0.106176072	2.591022173	-0.63078467	0.007931084	0.216229316	-27.23493021
2022-11-25	14:30:00	NaN	NaN	NaN	NaN	NaN	NaN	0.097151016	2.430845823	-0.787357348	0.008074903	0.220604839	-27.68595378
2022-11-25	15:00:00	2.664609046	6.322448081	102824.8829	0.08812596	2.270669474	-0.943930026	0.08812596	2.270669474	-0.943930026	0.008205361	0.224692044	-28.22666722
2022-11-25	15:30:00	2.487904626	6.240904231	102888.9941	0.084135364	2.255114435	-0.251107447	0.084135364	2.255114435	-0.251107447	0.008329912	0.22875125	-28.37050963
2022-11-25	16:00:00	2.308104513	6.219601901	102905.5748	0.070807139	1.889110319	0.160738631	0.070807139	1.889110319	0.160738631	0.008434732	0.232151649	-28.27843338
2022-11-25	16:30:00	2.36430778	6.196599923	102908.3517	0.077718665	2.19337421	-0.91346863	0.077718665	2.19337421	-0.91346863	0.008549784	0.236099722	-28.80169755
2022-11-25	17:00:00	2.287629668	6.195803746	102919.3598	0.07445567	1.954137291	-0.801766471	0.07445567	1.954137291	-0.801766471	0.008660005	0.239617169	-29.26097514
2022-11-25	17:30:00	2.270455305	6.195240941	102950.0577	0.072258814	1.840995204	-0.548094565	0.072258814	1.840995204	-0.548094565	0.008766975	0.242930961	-29.57494131
2022-11-25	18:00:00	2.407062677	6.222930366	102955.5536	0.093459102	2.391777787	-0.890498379	0.093459102	2.391777787	-0.890498379	0.008905328	0.247236161	-30.08504738
2022-11-25	18:30:00	2.372337741	6.284621188	102961.0046	0.083648731	2.173099513	-0.253924492	0.083648731	2.173099513	-0.253924492	0.009029159	0.25114774	-30.23050348
2022-11-25	19:00:00	2.342961578	6.294022491	103099.9371	0.08101196	2.068693991	-0.72635977	0.08101196	2.068693991	-0.72635977	0.009149086	0.254871389	-30.64658569
2022-11-25	19:30:00	2.349215662	6.309016222	103091.5641	0.061985632	1.898102596	-0.681024104	0.061985632	1.898102596	-0.681024104	0.009240847	0.258287974	-31.03669817
2022-11-25	20:00:00	2.228154292	6.318358146	103149.1962	0.064530389	1.936347437	-0.324424673	0.064530389	1.936347437	-0.324424673	0.009336375	0.261773399	-31.22253904
2022-11-25	20:30:00	NaN	NaN	NaN	NaN	NaN	NaN	0.066666999	1.808760765	-0.330706665	0.009435067	0.265029168	-31.41197844
2022-11-25	21:00:00	1.904011369	6.267906017	103330.7192	0.068803609	1.681174094	-0.336988657	0.068803609	1.681174094	-0.336988657	0.009536921	0.268055282	-31.60501636
2022-11-25	21:30:00	1.990415792	6.272939818	103330.6333	0.053687864	1.503122881	-0.320135101	0.053687864	1.503122881	-0.320135101	0.009616398	0.270760903	-31.78840003
2022-11-25	22:00:00	1.885681746	6.291357615	103380.5656	0.058152915	1.597607711	-0.165599848	0.058152915	1.597607711	-0.165599848	0.009702486	0.273636597	-31.88326094
2022-11-25	22:30:00	1.751129195	6.34434085	103380.5454	0.056865102	1.618153306	-0.549641411	0.056865102	1.618153306	-0.549641411	0.009786667	0.276549273	-32.1981132
2022-11-25	23:00:00	1.850417008	6.372652733	103391.6818	0.070225803	1.619588732	-0.338020088	0.070225803	1.619588732	-0.338020088	0.009890626	0.279464532	-32.39174196
2022-11-25	23:30:00	1.489805286	6.438853187	103397.2379	0.078780582	1.692998763	-0.160682708	0.078780582	1.692998763	-0.160682708	0.01000725	0.28251193	-32.48378618
2022-11-26	00:00:00	1.503384709	6.480864448	103427.7846	0.086280415	1.980382833	-0.577590401	0.086280415	1.980382833	-0.577590401	0.010134977	0.286076619	-32.81464851
2022-11-26	00:30:00	1.352083183	6.480694823	103450.0769	0.052034891	1.247319517	-0.526859307	0.052034891	1.247319517	-0.526859307	0.010212007	0.288321794	-33.11645044
2022-11-26	01:00:00	1.636401442	6.384726784	103513.7412	0.085195469	1.579351368	-0.782010035	0.085195469	1.579351368	-0.782010035	0.010338127	0.291164627	-33.56441091
2022-11-26	01:30:00	1.490760993	6.348713532	103539.9497	0.078047157	1.472074022	-0.841639925	0.078047157	1.472074022	-0.841639925	0.010453665	0.29381436	-34.04652929
2022-11-26	02:00:00	1.989550157	6.18785033	103560.1859	0.136561129	2.611655958	-0.853957258	0.136561129	2.611655958	-0.853957258	0.010655826	0.298515341	-34.53570343
2022-11-26	02:30:00	1.625655526	6.045024443	103566.3349	0.11323328	1.839962212	-0.278550083	0.11323328	1.839962212	-0.278550083	0.010823452	0.301827273	-34.69526586
2022-11-26	03:00:00	1.74725577	5.743048678	103641.9045	0.119098209	2.280599515	-0.492674101	0.119098209	2.280599515	-0.492674101	0.01099976	0.305932352	-34.97748541
2022-11-26	03:30:00	1.374582159	5.662847805	103689.482	0.092115031	1.641583611	-0.509594706	0.092115031	1.641583611	-0.509594706	0.011136124	0.308887203	-35.26939763
2022-11-26	04:00:00	1.545048027	5.394394686	103683.4295	0.094858925	1.622721982	-0.367499343	0.094858925	1.622721982	-0.367499343	0.01127655	0.311808102	-35.47991305
2022-11-26	04:30:00	1.444550591	5.369316783	103791.0315	0.094628513	1.919727055	-0.366298753	0.094628513	1.919727055	-0.366298753	0.011416634	0.315263611	-35.68974074
2022-11-26	05:00:00	1.612124043	5.029328624	103808.4901	0.089729118	1.377178405	-0.328131852	0.089729118	1.377178405	-0.328131852	0.011549466	0.317742532	-35.87770521
2022-11-26	05:30:00	1.096829745	4.906526283	103841.6154	0.066385564	1.166449637	-0.141424059	0.066385564	1.166449637	-0.141424059	0.011647741	0.319842141	-35.95871745
2022-11-26	06:00:00	1.348657173	4.680815278	103855.6717	0.090844655	1.594994676	-0.256943668	0.090844655	1.594994676	-0.256943668	0.011782224	0.322713132	-36.10590304
2022-11-26	06:30:00	1.333307756	4.472013209	103891.6655	0.072559586	1.305993495	-0.462506688	0.072559586	1.305993495	-0.462506688	0.011889638	0.32506392	-36.37084172
2022-11-26	07:00:00	NaN	NaN	NaN	NaN	NaN	NaN	0.056175104	1.026527654	-0.363655946	0.011972798	0.32691167	-36.57915553
2022-11-26	07:30:00	0.964482615	4.205098163	103913.9209	0.039790623	0.747061812	-0.264805205	0.039790623	0.747061812	-0.264805205	0.012031702	0.328256381	-36.73084445
2022-11-26	08:00:00	1.210596732	3.987362058	103930.384	0.05404341	1.019027603	-0.401969841	0.05404341	1.019027603	-0.401969841	0.012111706	0.330090631	-36.96110569
2022-11-26	08:30:00	1.164853161	4.051469981	103969.5129	0.062596191	1.209759458	-0.309211395	0.062596191	1.209759458	-0.309211395	0.012204371	0.332268198	-37.13823191
2022-11-26	09:00:00	1.295860946	4.109582897	103963.8056	0.068270487	1.201458325	-0.327299511	0.068270487	1.201458325	-0.327299511	0.012305436	0.334430823	-37.32571958
2022-11-26	09:30:00	1.352855426	4.043961032	103994.277	0.06550574	1.189835016	-0.703067834	0.06550574	1.189835016	-0.703067834	0.012402409	0.336572526	-37.72845942
2022-11-26	10:00:00	1.026389229	4.146703696	103986.3376	0.05361986	0.794972418	-0.183746706	0.05361986	0.794972418	-0.183746706	0.012481785	0.338003476	-37.83371543
2022-11-26	10:30:00	1.006860768	4.611754871	104055.322	0.100353211	1.044886927	-0.704163467	0.100353211	1.044886927	-0.704163467	0.012630345	0.339884273	-38.23708288
2022-11-26	11:00:00	1.113617131	5.764702098	104122.4825	0.134577932	1.450474116	-0.454479275	0.134577932	1.450474116	-0.454479275	0.012829569	0.342495126	-38.49742321
2022-11-26	11:30:00	1.153737627	6.402515906	104135.51	0.193617964	1.670606587	-0.650759904	0.193617964	1.670606587	-0.650759904	0.013116194	0.345502218	-38.87019938
2022-11-26	12:00:00	1.181518685	7.225672983	104127.6954	0.243814375	1.266767472	-0.219716476	0.243814375	1.266767472	-0.219716476	0.013477127	0.347782399	-38.99606003
2022-11-26	12:30:00	1.355336211	7.916885372	104155.5288	0.208418788	1.154100681	-0.512455284	0.208418788	1.154100681	-0.512455284	0.013785663	0.349859781	-39.28961088
2022-11-26	13:00:00	1.360271514	8.047445403	104174.6951	0.169294667	1.702630537	-0.872475533	0.169294667	1.702630537	-0.872475533	0.01403628	0.352924515	-39.78939289
2022-11-26	13:30:00	1.668290463	7.585974153	104216.5037	0.131844862	1.238457386	-0.812494505	0.131844862	1.238457386	-0.812494505	0.014231459	0.355153739	-40.25481584
2022-11-26	14:00:00	1.629592447	7.279214947	104188.7376	0.141297916	1.522367031	-0.320552329	0.141297916	1.522367031	-0.320552329	0.014440631	0.357893999	-40.43843851
2022-11-26	14:30:00	1.679129082	7.266784292	104128.8799	0.19819427	2.056295007	-0.831402645	0.19819427	2.056295007	-0.831402645	0.01473403	0.36159533	-40.91469264
2022-11-26	15:00:00	1.780678009	7.152474739	104140.5335	0.191386025	1.955980904	-1.398650168	0.191386025	1.955980904	-1.398650168	0.015017351	0.365116096	-41.71588438
2022-11-26	15:30:00	1.644535575	6.856514855	104130.3216	0.144576558	1.550828702	-0.985273656	0.144576558	1.550828702	-0.985273656	0.015231377	0.367907588	-42.28028078
2022-11-26	16:00:00	NaN	NaN	NaN	NaN	NaN	NaN	0.134130593	1.396266336	-0.709293644	0.015429939	0.370420867	-42.68658696
2022-11-26	16:30:00	1.302459272	6.932521402	104137.7267	0.123684628	1.241703971	-0.433313632	0.123684628	1.241703971	-0.433313632	0.015613037	0.372655934	-42.93480292
2022-11-26	17:00:00	1.383494119	7.041058684	104162.3117	0.12351035	1.303644961	-0.635190037	0.12351035	1.303644961	-0.635190037	0.015795877	0.375002495	-43.29866018
2022-11-26	17:30:00	NaN	NaN	NaN	NaN	NaN	NaN	0.121432494	1.363809195	-0.485249693	0.015975641	0.377457352	-43.57662679
2022-11-26	18:00:00	1.561661869	6.358025148	104250.1572	0.119354637	1.423973429	-0.335309348	0.119354637	1.423973429	-0.335309348	0.016152329	0.380020504	-43.76870275
2022-11-26	18:30:00	1.607810445	6.326580162	104212.9547	0.117778317	1.396795601	-0.67619755	0.117778317	1.396795601	-0.67619755	0.016326684	0.382534736	-44.15605042
2022-11-26	19:00:00	1.287560138	6.570323744	104081.5764	0.095462821	0.989879536	-0.461830164	0.095462821	0.989879536	-0.461830164	0.016468004	0.384316519	-44.42060158
2022-11-26	19:30:00	1.095952273	6.383860324	104219.2876	0.088571802	0.943578148	-0.398795259	0.088571802	0.943578148	-0.398795259	0.016599122	0.38601496	-44.64904431
2022-11-26	20:00:00	1.440958853	6.423434453	104122.2416	0.121502984	1.345462688	-0.240150882	0.121502984	1.345462688	-0.240150882	0.01677899	0.388436793	-44.78661045
2022-11-26	20:30:00	1.58707835	6.61447258	104176.8956	0.138940468	1.438625396	-0.406297928	0.138940468	1.438625396	-0.406297928	0.016984673	0.391026318	-45.01935095
2022-11-26	21:00:00	1.427160227	6.878225073	104259.1805	0.166601458	1.482092239	-0.843299807	0.166601458	1.482092239	-0.843299807	0.017231303	0.393694084	-45.50242016
2022-11-26	21:30:00	1.41951576	6.978418458	104213.9661	0.129102307	1.126549144	-0.661429786	0.129102307	1.126549144	-0.661429786	0.017422422	0.395721873	-45.88130839
2022-11-26	22:00:00	1.620121128	7.031397079	104183.1365	0.157115329	1.490233177	-0.43713653	0.157115329	1.490233177	-0.43713653	0.017655009	0.398404293	-46.13171423
2022-11-26	22:30:00	1.631605822	7.16619921	104182.7097	0.131424088	1.172519522	-0.470771606	0.131424088	1.172519522	-0.470771606	0.017849565	0.400514828	-46.40138733
2022-11-26	23:00:00	1.879871984	7.289244874	104111.1697	0.1938728	1.910561702	-0.856112661	0.1938728	1.910561702	-0.856112661	0.018136567	0.403953839	-46.89179616
2022-11-26	23:30:00	2.193378247	7.259859859	104099.9021	0.201400391	2.0053634	-1.586164233	0.201400391	2.0053634	-1.586164233	0.018434712	0.407563493	-47.80040197
2022-11-27	00:00:00	2.102311853	7.178908608	104188.6564	0.196649439	2.160349994	0.083365065	0.196649439	2.160349994	0.083365065	0.018725825	0.411452123	-47.75264779
2022-11-27	00:30:00	1.890330751	7.131305822	104083.2238	0.126450678	1.519224637	-0.381982904	0.126450678	1.519224637	-0.381982904	0.018913018	0.414186727	-47.97145986
2022-11-27	01:00:00	1.91805969	7.048477501	103969.2426	0.13210757	1.640173826	-1.093614927	0.13210757	1.640173826	-1.093614927	0.019108585	0.41713904	-48.59791762
2022-11-27	01:30:00	2.222131386	6.902039269	103922.1675	0.161631978	1.987341835	-0.99936918	0.161631978	1.987341835	-0.99936918	0.019347859	0.420716255	-49.17038838
2022-11-27	02:00:00	2.222351031	6.704005454	103966.6061	0.146360571	1.975452286	-0.930262541	0.146360571	1.975452286	-0.930262541	0.019564526	0.42427207	-49.70327264
2022-11-27	02:30:00	2.142546816	6.590191898	103949.8445	0.140486281	1.992720221	-1.06725422	0.140486281	1.992720221	-1.06725422	0.019772496	0.427858966	-50.31463014
2022-11-27	03:00:00	1.983084343	6.572685127	103944.5423	0.115370668	1.62883549	-0.758089302	0.115370668	1.62883549	-0.758089302	0.019943287	0.43079087	-50.74888804
2022-11-27	03:30:00	1.832409563	6.5818016	103936.0949	0.121718022	1.588176608	-0.770492231	0.121718022	1.588176608	-0.770492231	0.020123474	0.433649588	-51.19025073
2022-11-27	04:00:00	2.077791093	6.547250542	103905.5416	0.129502976	1.826626544	-1.024135985	0.129502976	1.826626544	-1.024135985	0.020315185	0.436937516	-51.77690872
2022-11-27	04:30:00	2.091706432	6.438409885	103902.8139	0.115102616	1.817356719	-0.658141019	0.115102616	1.817356719	-0.658141019	0.020485579	0.440208758	-52.15391303
2022-11-27	05:00:00	2.326917818	6.279090909	103899.9476	0.14922905	2.501940927	-0.794716353	0.14922905	2.501940927	-0.794716353	0.020706492	0.444712251	-52.60915209
2022-11-27	05:30:00	NaN	NaN	NaN	NaN	NaN	NaN	0.136481448	2.424351375	-0.582282598	0.020908534	0.449076084	-52.94270226
2022-11-27	06:00:00	2.675691011	6.132042293	103880.4963	0.123733846	2.346761823	-0.369848843	0.123733846	2.346761823	-0.369848843	0.021091705	0.453300255	-53.15456356
2022-11-27	06:30:00	2.517289406	6.143610907	103841.5836	0.116766535	2.075639659	-0.911369411	0.116766535	2.075639659	-0.911369411	0.021264562	0.457036406	-53.67662523
2022-11-27	07:00:00	2.346705093	6.197641879	103847.2847	0.119044187	2.075128544	-0.501536146	0.119044187	2.075128544	-0.501536146	0.02144079	0.460771638	-53.96392124
2022-11-27	07:30:00	2.166794144	6.364061866	103830.6361	0.1070686	1.836546005	-0.26043069	0.1070686	1.836546005	-0.26043069	0.021599291	0.464077421	-54.1131043
2022-11-27	08:00:00	2.477876447	6.563698257	103772.1836	0.131102637	2.530651346	-1.77420772	0.131102637	2.530651346	-1.77420772	0.02179337	0.468632593	-55.12942747
2022-11-27	08:30:00	2.134166745	6.704160464	103829.168	0.094773748	1.77848218	-0.120329399	0.094773748	1.77848218	-0.120329399	0.02193367	0.471833861	-55.19835601
2022-11-27	09:00:00	2.134011111	6.840012576	103776.3187	0.101184146	1.97476344	-0.310234486	0.101184146	1.97476344	-0.310234486	0.022083459	0.475388435	-55.37606829
2022-11-27	09:30:00	2.519320898	7.02578526	103766.6352	0.095325113	2.049514281	-0.869492412	0.095325113	2.049514281	-0.869492412	0.022224575	0.479077561	-55.87414147
2022-11-27	10:00:00	2.99870775	7.144091164	103736.196	0.079584924	2.427642784	-1.12688018	0.079584924	2.427642784	-1.12688018	0.022342389	0.483447318	-56.51965463
2022-11-27	10:30:00	2.735946093	7.203550226	103736.247	0.062233681	2.547693066	-0.180376338	0.062233681	2.547693066	-0.180376338	0.022434518	0.488033165	-56.62297999
2022-11-27	11:00:00	2.918280075	7.114748672	103634.9692	0.045409455	2.38086303	-0.383260489	0.045409455	2.38086303	-0.383260489	0.02250174	0.492318719	-56.84252391
2022-11-27	11:30:00	2.693807615	7.052974779	103556.3998	0.043207167	2.302233664	-0.891587754	0.043207167	2.302233664	-0.891587754	0.022565703	0.496462739	-57.35325401
2022-11-27	12:00:00	2.95840311	7.007946101	103623.8806	0.05549432	2.839935082	0.444090976	0.05549432	2.839935082	0.444090976	0.022647854	0.501574623	-57.09886443
2022-11-27	12:30:00	2.879601846	6.957256745	103552.9428	0.03689088	2.539541582	-1.130549808	0.03689088	2.539541582	-1.130549808	0.022702466	0.506145797	-57.74647967
2022-11-27	13:00:00	3.114433603	6.919647326	103494.5124	0.037056556	2.840391914	-0.400781219	0.037056556	2.840391914	-0.400781219	0.022757323	0.511258503	-57.97606003
2022-11-27	13:30:00	2.76413725	6.819839894	103441.757	0.021051793	2.324388505	-1.365048915	0.021051793	2.324388505	-1.365048915	0.022788488	0.515442402	-58.75800389
2022-11-27	14:00:00	2.549539598	6.705464718	103427.7817	0.024885037	2.438494411	-1.287245713	0.024885037	2.438494411	-1.287245713	0.022825326	0.519831692	-59.49537958
2022-11-27	14:30:00	2.570105437	6.630285614	103436.0601	0.015505298	2.328886652	-0.27870013	0.015505298	2.328886652	-0.27870013	0.02284828	0.524023688	-59.65502796
2022-11-27	15:00:00	2.653722396	6.542365652	103419.4574	0.006047691	2.293206774	-0.734581273	0.006047691	2.293206774	-0.734581273	0.022857233	0.52815146	-60.07581971
2022-11-27	15:30:00	2.459135954	6.428028332	103408.3596	0.019616945	2.422949247	-0.498083789	0.019616945	2.422949247	-0.498083789	0.022886273	0.532512769	-60.3611381
2022-11-27	16:00:00	2.498646055	6.280132788	103419.3766	0.020666387	2.271216837	-1.363720405	0.020666387	2.271216837	-1.363720405	0.022916867	0.536600959	-61.14232095
2022-11-27	16:30:00	2.39665297	6.08284166	103402.8144	0.024593304	2.30129211	-0.480663426	0.024593304	2.30129211	-0.480663426	0.022953274	0.540743285	-61.4176604
2022-11-27	17:00:00	2.684008638	5.925972868	103391.5737	0.031646753	2.484052394	-0.229960723	0.031646753	2.484052394	-0.229960723	0.023000122	0.545214579	-61.54938928
2022-11-27	17:30:00	2.671385326	5.876120566	103388.9743	0.028417261	2.566261512	-0.518343155	0.028417261	2.566261512	-0.518343155	0.02304219	0.54983385	-61.84631289
2022-11-27	18:00:00	2.565730483	5.75489972	103386.0936	0.02855307	2.456928045	-0.562476045	0.02855307	2.456928045	-0.562476045	0.023084459	0.554256321	-62.16851724
2022-11-27	18:30:00	2.035296453	5.643186187	103391.7689	0.026201981	1.60101109	-0.533395601	0.026201981	1.60101109	-0.533395601	0.023123248	0.557138141	-62.47406337
2022-11-27	19:00:00	2.708383967	5.510315951	103386.0199	0.014585389	2.39494865	-0.585270761	0.014585389	2.39494865	-0.585270761	0.023144839	0.561449048	-62.80932526
2022-11-27	19:30:00	2.496795229	5.382096898	103388.8745	0.017157392	2.2447095	-1.418876246	0.017157392	2.2447095	-1.418876246	0.023170238	0.565489525	-63.62210314
2022-11-27	20:00:00	2.473143778	5.319118449	103369.5493	0.024536572	2.024486912	-0.721144069	0.024536572	2.024486912	-0.721144069	0.023206561	0.569133602	-64.03519763
2022-11-27	20:30:00	2.189824969	5.244729654	103397.2581	0.024816086	1.964526263	-0.604399811	0.024816086	1.964526263	-0.604399811	0.023243298	0.572669749	-64.38141725
2022-11-27	21:00:00	2.256342305	5.167000839	103344.4542	0.015558229	1.918369967	-0.852056448	0.015558229	1.918369967	-0.852056448	0.02326633	0.576122815	-64.86950255
2022-11-27	21:30:00	1.969149555	5.037535391	103352.7596	0.023929121	1.733025446	-0.494401809	0.023929121	1.733025446	-0.494401809	0.023301754	0.579242261	-65.15271178
2022-11-27	22:00:00	2.24730314	4.937876406	103358.2373	0.02803305	1.658055884	-0.463748542	0.02803305	1.658055884	-0.463748542	0.023343253	0.582226761	-65.41836184
2022-11-27	22:30:00	2.470698172	4.877581311	103314.5625	0.060877093	3.107785562	-1.372269967	0.060877093	3.107785562	-1.372269967	0.023433373	0.587820775	-66.20444216
2022-11-27	23:00:00	2.710981619	4.888004197	103315.8447	0.055856478	2.430764721	-0.66424611	0.055856478	2.430764721	-0.66424611	0.023516061	0.592196152	-66.58494366
2022-11-27	23:30:00	2.816649621	5.004306439	103286.2127	0.059376933	3.031132844	-0.689021839	0.059376933	3.031132844	-0.689021839	0.02360396	0.597652191	-66.9796375
2022-11-28	00:00:00	2.591297505	5.047712469	103263.8349	0.05229146	2.428852075	-0.869233228	0.05229146	2.428852075	-0.869233228	0.023681371	0.602024125	-67.47756221
2022-11-28	00:30:00	2.925774689	5.238769134	103167.5963	0.061477806	2.921579201	-0.064242839	0.061477806	2.921579201	-0.064242839	0.02377238	0.607282967	-67.51436257
2022-11-28	01:00:00	2.731519057	5.355013457	103104.3413	0.054594189	2.365272068	-0.398570845	0.054594189	2.365272068	-0.398570845	0.023853199	0.611540457	-67.74267675
2022-11-28	01:30:00	2.407947784	5.466600846	103141.5685	0.042204306	1.755249001	-0.453310012	0.042204306	1.755249001	-0.453310012	0.023915677	0.614699905	-68.00234729
2022-11-28	02:00:00	2.513764108	5.544620331	103039.8819	0.044828789	2.329943113	-1.08269249	0.044828789	2.329943113	-1.08269249	0.02398204	0.618893803	-68.62254832
2022-11-28	02:30:00	2.665609571	5.652160811	103054.3087	0.047936932	2.541752163	-0.472501585	0.047936932	2.541752163	-0.472501585	0.024053004	0.623468957	-68.8932124
2022-11-28	03:00:00	2.819937594	5.809242329	103037.2056	0.051040472	2.748709542	-1.234876762	0.051040472	2.748709542	-1.234876762	0.024128562	0.628416634	-69.60058947
2022-11-28	03:30:00	2.995623954	5.764536183	102938.8027	0.0481347	2.609316806	-1.292369754	0.0481347	2.609316806	-1.292369754	0.024199819	0.633113404	-70.34090038
2022-11-28	04:00:00	2.824742477	5.710232859	102941.6419	0.023806433	2.597680481	-1.479656537	0.023806433	2.597680481	-1.479656537	0.024235061	0.637789229	-71.18849517
2022-11-28	04:30:00	3.059502772	5.624163402	102933.401	0.014922776	2.375979142	-1.681554637	0.014922776	2.375979142	-1.681554637	0.024257153	0.642065991	-72.15174367
2022-11-28	05:00:00	3.553895445	5.577935159	102908.2188	0.027134545	2.689179613	-0.741369686	0.027134545	2.689179613	-0.741369686	0.024297322	0.646906515	-72.57642404
2022-11-28	05:30:00	3.499762819	5.653509894	102913.9501	0.023572634	2.741521063	-0.396645224	0.023572634	2.741521063	-0.396645224	0.024332218	0.651841253	-72.80363516
2022-11-28	06:00:00	3.321719775	5.707385923	102897.2551	0.02804597	3.635113591	-0.267281607	0.02804597	3.635113591	-0.267281607	0.024373736	0.658384457	-72.95674265
2022-11-28	06:30:00	3.373083885	5.789462257	102905.5767	0.009149557	2.879163972	-1.506184096	0.009149557	2.879163972	-1.506184096	0.02438728	0.663566952	-73.81953328
2022-11-28	07:00:00	3.551165175	5.759676653	102891.6804	0.010893501	3.197284664	-1.637011588	0.010893501	3.197284664	-1.637011588	0.024403407	0.669322065	-74.75726609
2022-11-28	07:30:00	4.424360924	5.746233044	102897.2381	-0.033094169	4.344927934	0.080503278	-0.033094169	4.344927934	0.080503278	0.024354415	0.677142935	-74.71115123
2022-11-28	08:00:00	3.973644232	5.582676362	102902.7442	-0.038658695	4.139768071	-1.102208062	-0.038658695	4.139768071	-1.102208062	0.024297187	0.684594517	-75.34253141
2022-11-28	08:30:00	4.104433149	5.583687522	102911.1674	-0.033312938	3.551860119	-0.828991757	-0.033312938	3.551860119	-0.828991757	0.024247871	0.690987866	-75.81740451
2022-11-28	09:00:00	NaN	NaN	NaN	NaN	NaN	NaN	-0.043886622	3.515062169	-0.467364701	0.024182903	0.697314977	-76.08512602
2022-11-28	09:30:00	4.216079662	5.586150058	102847.3261	-0.054460306	3.47826422	-0.105737646	-0.054460306	3.47826422	-0.105737646	0.024102282	0.703575853	-76.14569594
2022-11-28	10:00:00	4.597345027	5.799466457	102886.0412	-0.054391823	4.18714118	-2.102430184	-0.054391823	4.18714118	-2.102430184	0.024021762	0.711112707	-77.35003547
2022-11-28	10:30:00	3.936970211	6.039214905	102891.4185	-0.053701874	3.488158548	-1.75884126	-0.053701874	3.488158548	-1.75884126	0.023942264	0.717391393	-78.35755624
2022-11-28	11:00:00	3.393700148	6.043514986	102869.5032	-0.054960634	3.020928964	-0.799805457	-0.054960634	3.020928964	-0.799805457	0.023860903	0.722829065	-78.81571049
2022-11-28	11:30:00	4.649102745	5.999998952	102794.5989	-0.117644054	4.375386915	-1.450245796	-0.117644054	4.375386915	-1.450245796	0.023686747	0.730704761	-79.64645786
2022-11-28	12:00:00	4.549353748	5.901750175	102822.2008	-0.075324995	2.813003146	-1.732154833	-0.075324995	2.813003146	-1.732154833	0.023575238	0.735768167	-80.63869178
2022-11-28	12:30:00	4.294655968	5.770062915	102794.1804	-0.091644751	3.101191591	-0.982071126	-0.091644751	3.101191591	-0.982071126	0.023439571	0.741350312	-81.20125367
2022-11-28	13:00:00	4.060337497	5.575794513	102833.2867	-0.042873898	1.611175168	-0.426483372	-0.042873898	1.611175168	-0.426483372	0.023376102	0.744250427	-81.44555704
2022-11-28	13:30:00	NaN	NaN	NaN	NaN	NaN	NaN	-0.091765274	2.988081611	-1.334231093	0.023240256	0.749628974	-82.20984746
2022-11-28	14:00:00	4.310274936	5.330753992	102791.7054	-0.14065665	4.364988054	-2.241978814	-0.14065665	4.364988054	-2.241978814	0.023032033	0.757485952	-83.49412494
2022-11-28	14:30:00	NaN	NaN	NaN	NaN	NaN	NaN	-0.126573941	3.660605565	-1.681766266	0.022844658	0.764075042	-84.45749467
2022-11-28	15:00:00	NaN	NaN	NaN	NaN	NaN	NaN	-0.112491233	2.956223076	-1.121553718	0.02267813	0.769396244	-85.09995666
2022-11-28	15:30:00	3.583107777	5.406543016	102863.9526	-0.098408524	2.251840586	-0.56134117	-0.098408524	2.251840586	-0.56134117	0.02253245	0.773449557	-85.42151091
2022-11-28	16:00:00	3.880731317	5.495645764	102877.8515	-0.132760742	2.892913538	-2.072743551	-0.132760742	2.892913538	-2.072743551	0.022335916	0.778656801	-86.60884499
2022-11-28	16:30:00	3.613568153	5.540197134	102911.0975	-0.123079081	2.895577543	-1.586511362	-0.123079081	2.895577543	-1.586511362	0.022153714	0.783868841	-87.51764965
2022-11-28	17:00:00	4.046239413	5.573001085	102911.0905	-0.157198858	3.366317226	-2.231551744	-0.157198858	3.366317226	-2.231551744	0.021921002	0.789928212	-88.79595416
2022-11-28	17:30:00	3.967302457	5.56064293	102902.7255	-0.166947542	3.808305856	-1.332464955	-0.166947542	3.808305856	-1.332464955	0.02167386	0.796783163	-89.55923288
2022-11-28	18:00:00	3.965668621	5.574838439	102911.1084	-0.078198419	1.650826281	-0.70263731	-0.078198419	1.650826281	-0.70263731	0.021558098	0.79975465	-89.9617261
2022-11-28	18:30:00	3.888322366	5.512090966	102962.5612	-0.145355161	2.747482221	-2.504472884	-0.145355161	2.747482221	-2.504472884	0.021342919	0.804700118	-91.39636861
2022-11-28	19:00:00	3.610306757	5.338861428	103016.549	-0.167948868	3.150850013	-1.237655094	-0.167948868	3.150850013	-1.237655094	0.021094294	0.810371648	-92.1053372
2022-11-28	19:30:00	3.520286399	5.362736614	103056.8573	-0.183333366	3.291493802	-2.140945957	-0.183333366	3.291493802	-2.140945957	0.020822894	0.816296337	-93.3317398
2022-11-28	20:00:00	3.292401374	5.326242268	103022.2346	-0.182914123	3.141852279	-0.817349514	-0.182914123	3.141852279	-0.817349514	0.020552115	0.821951671	-93.79994386
2022-11-28	20:30:00	3.056447294	5.173203887	103086.2875	-0.137728452	2.293440225	-0.629711696	-0.137728452	2.293440225	-0.629711696	0.020348227	0.826079863	-94.16066294
2022-11-28	21:00:00	2.726151808	5.141587058	103191.7293	-0.121963453	2.052881579	-1.017632559	-0.121963453	2.052881579	-1.017632559	0.020167676	0.82977505	-94.74359556
2022-11-28	21:30:00	2.994402551	5.263243649	103226.0946	-0.152484199	2.871201753	-0.739371955	-0.152484199	2.871201753	-0.739371955	0.019941944	0.834943213	-95.16713156
2022-11-28	22:00:00	3.059847573	5.403908846	103226.9264	-0.144725752	2.707301471	-0.494762968	-0.144725752	2.707301471	-0.494762968	0.019727698	0.839816356	-95.45054768
2022-11-28	22:30:00	2.939521655	5.440162656	103259.2766	-0.164638973	2.880472337	-2.18728812	-0.164638973	2.880472337	-2.18728812	0.019483972	0.845001206	-96.70349656
2022-11-28	23:00:00	2.88702281	5.253633978	103310.2264	-0.170951148	2.980616689	-1.178357516	-0.170951148	2.980616689	-1.178357516	0.019230903	0.850366316	-97.3784976
2022-11-28	23:30:00	2.593865655	4.874558201	103303.5631	-0.103560019	2.249960079	-0.801442481	-0.103560019	2.249960079	-0.801442481	0.019077596	0.854416244	-97.83758959
2022-11-29	00:00:00	2.125736311	4.757425424	103293.6353	-0.081008029	1.871229911	-1.361824221	-0.081008029	1.871229911	-1.361824221	0.018957675	0.857784458	-98.61768624
2022-11-29	00:30:00	2.556485996	4.696967503	103364.5818	-0.11063081	2.267359669	-1.106485314	-0.11063081	2.267359669	-1.106485314	0.018793901	0.861865705	-99.25151657
2022-11-29	01:00:00	2.270279216	4.578468235	103368.9347	-0.099749947	1.672764389	-0.935968318	-0.099749947	1.672764389	-0.935968318	0.018646235	0.864876681	-99.78766928
2022-11-29	01:30:00	2.057919796	4.499596405	103356.1956	-0.082043428	1.952749592	-0.729082007	-0.082043428	1.952749592	-0.729082007	0.018524781	0.868391631	-100.2053109
2022-11-29	02:00:00	2.404869569	4.585830479	103358.2489	-0.08209753	1.692883868	-0.38520843	-0.08209753	1.692883868	-0.38520843	0.018403247	0.871438822	-100.4259706
2022-11-29	02:30:00	2.878026875	4.639899979	103380.5029	-0.134172354	2.399154632	-1.16579934	-0.134172354	2.399154632	-1.16579934	0.018204623	0.8757573	-101.0937779
2022-11-29	03:00:00	2.168126497	4.59174226	103402.7954	-0.093024715	1.670935936	-0.28060808	-0.093024715	1.670935936	-0.28060808	0.018066913	0.878764985	-101.2545193
2022-11-29	03:30:00	2.323962428	4.672732837	103386.0805	-0.076657179	1.507910531	-0.645517666	-0.076657179	1.507910531	-0.645517666	0.017953432	0.881479224	-101.6242925
2022-11-29	04:00:00	2.744472531	4.800254726	103408.4035	-0.096653712	1.860440598	-0.440089218	-0.096653712	1.860440598	-0.440089218	0.01781035	0.884828017	-101.8763897
2022-11-29	04:30:00	2.677830634	4.822493099	103408.2812	-0.111151981	1.956576507	-0.626815095	-0.111151981	1.956576507	-0.626815095	0.017645805	0.888349854	-102.2354496
2022-11-29	05:00:00	NaN	NaN	NaN	NaN	NaN	NaN	-0.10897084	1.983132678	-0.493412835	0.017484488	0.891919493	-102.5180923
2022-11-29	05:30:00	2.981600539	4.889116403	103455.5264	-0.106789699	2.009688849	-0.360010575	-0.106789699	2.009688849	-0.360010575	0.017326401	0.895536933	-102.7243179
2022-11-29	06:00:00	3.266459291	4.925296936	103474.9685	-0.151513042	2.703761381	-1.479534999	-0.151513042	2.703761381	-1.479534999	0.017102106	0.900403704	-103.5718431
2022-11-29	06:30:00	2.7474599	4.808776259	103527.6871	-0.122727918	2.270207165	-0.198232923	-0.122727918	2.270207165	-0.198232923	0.016920425	0.904490076	-103.6853973
2022-11-29	07:00:00	2.273963019	4.580347975	103583.3776	-0.098935676	1.77314851	-1.036295976	-0.098935676	1.77314851	-1.036295976	0.016773964	0.907681744	-104.2790209
2022-11-29	07:30:00	2.861999536	4.786565233	103630.5352	-0.147791376	2.478073409	-1.809894769	-0.147791376	2.478073409	-1.809894769	0.016555179	0.912142276	-105.3157867
2022-11-29	08:00:00	2.563815162	4.754099014	103730.8335	-0.112819872	1.797476534	-1.004079813	-0.112819872	1.797476534	-1.004079813	0.016388165	0.915377734	-105.8909559
2022-11-29	08:30:00	2.855670836	4.749723533	103760.6655	-0.102870195	1.772004694	-0.599785435	-0.102870195	1.772004694	-0.599785435	0.016235879	0.918567342	-106.2345323
2022-11-29	09:00:00	3.45780923	4.390817126	103836.197	-0.150349661	2.389469344	-1.103767239	-0.150349661	2.389469344	-1.103767239	0.016013307	0.922868387	-106.8668056
2022-11-29	09:30:00	2.768735443	4.193232991	103850.0035	-0.128168355	2.199188815	-1.175887906	-0.128168355	2.199188815	-1.175887906	0.015823572	0.926826927	-107.5403919
2022-11-29	10:00:00	1.741645873	4.201849145	103847.2847	-0.06713659	1.326943224	-0.779314441	-0.06713659	1.326943224	-0.779314441	0.015724185	0.929215425	-107.9868083
2022-11-29	10:30:00	1.294238225	4.28394724	103886.0238	-0.033697928	0.81431081	-0.484552025	-0.033697928	0.81431081	-0.484552025	0.0156743	0.930681184	-108.2643752
2022-11-29	11:00:00	1.538984869	4.554038529	103877.6939	-0.031911134	0.910392571	-0.274216293	-0.031911134	0.910392571	-0.274216293	0.01562706	0.932319891	-108.4214551
2022-11-29	11:30:00	2.25256853	4.76777937	103888.9545	-0.056585459	1.498012003	-0.932105034	-0.056585459	1.498012003	-0.932105034	0.015543293	0.935016312	-108.9553948
2022-11-29	12:00:00	NaN	NaN	NaN	NaN	NaN	NaN	-0.044632437	1.319568446	-0.634594514	0.015477221	0.937391536	-109.318911
2022-11-29	12:30:00	1.477887787	4.706474106	103894.37	-0.032679415	1.141124889	-0.337083994	-0.032679415	1.141124889	-0.337083994	0.015428843	0.93944556	-109.5120035
2022-11-29	13:00:00	1.575569778	4.86978806	103913.8321	-0.034264728	1.052749801	-0.347924744	-0.034264728	1.052749801	-0.347924744	0.015378119	0.94134051	-109.711306
2022-11-29	13:30:00	1.681281753	4.912144331	103913.9399	-0.048451989	1.203624181	-0.660680239	-0.048451989	1.203624181	-0.660680239	0.015306393	0.943507034	-110.0897648
2022-11-29	14:00:00	1.865363883	4.889185587	103927.8118	-0.05045043	1.148922425	-0.578788222	-0.05045043	1.148922425	-0.578788222	0.015231708	0.945575094	-110.4213133
2022-11-29	14:30:00	1.882436954	4.72299993	103952.7199	-0.048465742	1.109542051	-0.359316573	-0.048465742	1.109542051	-0.359316573	0.015159961	0.94757227	-110.6271414
2022-11-29	15:00:00	1.34058189	4.600399301	103952.8322	-0.039091369	1.027678368	-0.410393476	-0.039091369	1.027678368	-0.410393476	0.015102091	0.949422091	-110.8622279
2022-11-29	15:30:00	1.495796837	4.532699084	103964.025	-0.045748233	1.363460122	-0.554769806	-0.045748233	1.363460122	-0.554769806	0.015034367	0.951876319	-111.1800179
2022-11-29	16:00:00	1.51674498	4.487347217	103969.5692	-0.037652761	1.067568423	-0.56032055	-0.037652761	1.067568423	-0.56032055	0.014978628	0.953797942	-111.5009875
2022-11-29	16:30:00	1.664243522	4.473866019	104006.6536	-0.033975042	1.031659713	-0.422531761	-0.033975042	1.031659713	-0.422531761	0.014928332	0.955654929	-111.7430273
2022-11-29	17:00:00	1.501599745	4.569884969	103996.1155	-0.028943516	0.862911419	-0.398812193	-0.028943516	0.862911419	-0.398812193	0.014885485	0.95720817	-111.9714797
2022-11-29	17:30:00	1.245846029	4.49359898	104044.4344	-0.021270339	0.686847306	-0.4996727	-0.021270339	0.686847306	-0.4996727	0.014853998	0.958444495	-112.2577083
2022-11-29	18:00:00	1.630578072	4.571030218	104097.7991	-0.02971173	1.084412589	-0.631564871	-0.02971173	1.084412589	-0.631564871	0.014810013	0.960396438	-112.6194889
2022-11-29	18:30:00	2.361977986	4.723051517	104077.5304	-0.045795415	1.404270008	-0.863495906	-0.045795415	1.404270008	-0.863495906	0.01474222	0.962924124	-113.1141271
2022-11-29	19:00:00	2.743956662	4.766948002	104146.6933	-0.07165404	2.065770379	-1.212721247	-0.07165404	2.065770379	-1.212721247	0.014636146	0.966642511	-113.8088128
2022-11-29	19:30:00	2.627033875	4.351182687	104181.168	-0.073793255	1.752637558	-0.867681563	-0.073793255	1.752637558	-0.867681563	0.014526905	0.969797258	-114.3058487
2022-11-29	20:00:00	2.701865014	4.11632354	104213.816	-0.086417723	2.347779371	-1.663922055	-0.086417723	2.347779371	-1.663922055	0.014398975	0.974023261	-115.2589967
2022-11-29	20:30:00	2.220585361	4.34867084	104172.3363	-0.075052956	2.105482445	-1.127073444	-0.075052956	2.105482445	-1.127073444	0.01428787	0.977813129	-115.9046205
2022-11-29	21:00:00	1.443376671	4.194475414	104199.6258	-0.041082357	0.906992193	-0.591205058	-0.041082357	0.906992193	-0.591205058	0.014227053	0.979445715	-116.2432818
2022-11-29	21:30:00	0.980290506	3.949349596	104308.3983	-0.05518283	2.217712995	-1.51770354	-0.05518283	2.217712995	-1.51770354	0.014145362	0.983437599	-117.1126711
2022-11-29	22:00:00	1.096869868	3.939195848	104316.7715	-0.040687721	2.670474529	-1.081150775	-0.040687721	2.670474529	-1.081150775	0.01408513	0.988244453	-117.731989
2022-11-29	22:30:00	1.179273876	3.99069308	104358.2299	-0.023831885	0.809476062	-0.339834366	-0.023831885	0.809476062	-0.339834366	0.01404985	0.98970151	-117.926657
2022-11-29	23:00:00	NaN	NaN	NaN	NaN	NaN	NaN	-0.016556403	0.800853736	-0.385916424	0.01402534	0.991143047	-118.1477224
2022-11-29	23:30:00	1.02536451	3.822572697	104347.7841	-0.009280921	0.79223141	-0.431998482	-0.009280921	0.79223141	-0.431998482	0.014011601	0.992569063	-118.395185
2022-11-30	00:00:00	1.17020638	3.794505506	104338.4548	-0.010462172	1.318941961	-0.919209438	-0.010462172	1.318941961	-0.919209438	0.013996113	0.994943159	-118.9217377
2022-11-30	00:30:00	NaN	NaN	NaN	NaN	NaN	NaN	-0.009458687	1.194881256	-0.863652699	0.013982111	0.997093945	-119.4164657
2022-11-30	01:00:00	NaN	NaN	NaN	NaN	NaN	NaN	-0.008455201	1.070820552	-0.80809596	0.013969594	0.999021422	-119.879369
2022-11-30	01:30:00	1.349220951	3.407526555	104375.0349	-0.007451716	0.946759847	-0.752539221	-0.007451716	0.946759847	-0.752539221	0.013958563	1.00072559	-120.3104476
2022-11-30	02:00:00	1.45011188	3.354651455	104397.2571	-0.010732126	1.005273493	-0.634321762	-0.010732126	1.005273493	-0.634321762	0.013942676	1.002535082	-120.6738075
2022-11-30	02:30:00	1.338269531	3.271891107	104405.595	-0.010251369	0.794748126	-0.731385247	-0.010251369	0.794748126	-0.731385247	0.0139275	1.003965629	-121.0927684
2022-11-30	03:00:00	NaN	NaN	NaN	NaN	NaN	NaN	-0.010841859	0.870349931	-0.737979195	0.01391145	1.005532258	-121.5155066
2022-11-30	03:30:00	1.574522165	3.293231582	104397.2551	-0.011432348	0.945951736	-0.744573144	-0.011432348	0.945951736	-0.744573144	0.013894526	1.007234972	-121.942022
2022-11-30	04:00:00	1.669961836	3.381198531	104405.6323	-0.01081031	1.113299552	-0.889988388	-0.01081031	1.113299552	-0.889988388	0.013878523	1.009238911	-122.451836
2022-11-30	04:30:00	1.6353356	3.357336668	104419.4285	-0.009455028	1.124282404	-0.840209078	-0.009455028	1.124282404	-0.840209078	0.013864526	1.011262619	-122.9331347
2022-11-30	05:00:00	1.39933871	3.181403601	104441.7934	-0.012929466	0.79225569	-0.524961524	-0.012929466	0.79225569	-0.524961524	0.013845386	1.012688679	-123.2338495
2022-11-30	05:30:00	1.078275706	2.859011638	104433.3415	-0.012208563	0.639957352	-0.607106798	-0.012208563	0.639957352	-0.607106798	0.013827312	1.013840603	-123.5816198
2022-11-30	06:00:00	0.861052297	2.429554499	104461.3176	-0.018394603	0.697206434	-0.625554881	-0.018394603	0.697206434	-0.625554881	0.013800082	1.015095574	-123.9399577
2022-11-30	06:30:00	NaN	NaN	NaN	NaN	NaN	NaN	-0.018417421	1.214742217	-1.384262984	0.013772817	1.01728211	-124.732908
2022-11-30	07:00:00	1.000774863	2.242942883	104441.824	-0.01844024	1.732277999	-2.142971087	-0.01844024	1.732277999	-2.142971087	0.013745519	1.02040021	-125.9604707
2022-11-30	07:30:00	0.884130356	2.215334826	104542.7122	-0.001421361	1.326730217	-0.606461588	-0.001421361	1.326730217	-0.606461588	0.013743415	1.022788325	-126.3078714
2022-11-30	08:00:00	1.156315834	2.325695964	104587.8385	0.017864779	4.468168957	-1.401807195	0.017864779	4.468168957	-1.401807195	0.013769861	1.030831029	-127.1108716
2022-11-30	08:30:00	1.135885379	2.59708428	104647.4045	0.034617577	1.332219828	-0.737771418	0.034617577	1.332219828	-0.737771418	0.013821108	1.033229025	-127.5334907
2022-11-30	09:00:00	1.392455357	2.900791837	104622.0009	0.166574319	1.766887099	-2.927452965	0.166574319	1.766887099	-2.927452965	0.014067698	1.036409421	-129.2104298
2022-11-30	09:30:00	1.579323605	3.171308362	104611.258	0.193876312	4.8927052	-4.504954975	0.193876312	4.8927052	-4.504954975	0.014354706	1.045216291	-131.7910127
2022-11-30	10:00:00	2.052666397	3.439646343	104683.4505	0.197135528	4.720230162	-3.463576686	0.197135528	4.720230162	-3.463576686	0.014646538	1.053712705	-133.7750607
2022-11-30	10:30:00	1.75963739	3.677655322	104686.6028	0.165512452	2.325816242	-2.466127552	0.165512452	2.325816242	-2.466127552	0.014891556	1.057899174	-135.1877377
2022-11-30	11:00:00	1.477214575	3.875140099	104619.0156	0.192381834	2.526119951	-3.142980699	0.192381834	2.526119951	-3.142980699	0.015176351	1.06244619	-136.988138
2022-11-30	11:30:00	1.384629922	3.801878695	104613.9634	0.230330465	3.153388861	-3.098299623	0.230330465	3.153388861	-3.098299623	0.015517324	1.06812229	-138.7629436
2022-11-30	12:00:00	1.437029381	3.845420774	104671.7754	0.167517268	1.569722842	-2.021102833	0.167517268	1.569722842	-2.021102833	0.01576531	1.070947791	-139.9206962
2022-11-30	12:30:00	2.146567101	3.801106565	104677.6903	0.272718744	3.0919888	-2.411980798	0.272718744	3.0919888	-2.411980798	0.016169033	1.076513371	-141.3023563
2022-11-30	13:00:00	1.800617555	3.701459637	104669.2725	0.259748207	3.097234604	-3.209884558	0.259748207	3.097234604	-3.209884558	0.016553554	1.082088393	-143.1410812
2022-11-30	13:30:00	1.421715463	3.649927678	104672.4478	0.11243275	1.711640123	-1.842923078	0.11243275	1.711640123	-1.842923078	0.016719996	1.085169346	-144.1967668
2022-11-30	14:00:00	1.382049239	3.810164186	104672.0254	0.260196779	1.583980177	-3.446173971	0.260196779	1.583980177	-3.446173971	0.017105181	1.08802051	-146.1708459
2022-11-30	14:30:00	NaN	NaN	NaN	NaN	NaN	NaN	0.250967653	1.601992245	-3.243494635	0.017476705	1.090904096	-148.0288238
2022-11-30	15:00:00	NaN	NaN	NaN	NaN	NaN	NaN	0.241738528	1.620004312	-3.040815299	0.017834565	1.093820104	-149.7707005
2022-11-30	15:30:00	NaN	NaN	NaN	NaN	NaN	NaN	0.232509403	1.638016379	-2.838135963	0.018178764	1.096768533	-151.3964759
2022-11-30	16:00:00	NaN	NaN	NaN	NaN	NaN	NaN	0.223280278	1.656028446	-2.635456627	0.018509299	1.099749384	-152.9061501
2022-11-30	16:30:00	NaN	NaN	NaN	NaN	NaN	NaN	0.214051153	1.674040513	-2.432777291	0.018826173	1.102762657	-154.2997231
2022-11-30	17:00:00	NaN	NaN	NaN	NaN	NaN	NaN	0.204822027	1.692052581	-2.230097956	0.019129384	1.105808352	-155.5771948
2022-11-30	17:30:00	NaN	NaN	NaN	NaN	NaN	NaN	0.195592902	1.710064648	-2.02741862	0.019418932	1.108886468	-156.7385653
2022-11-30	18:00:00	NaN	NaN	NaN	NaN	NaN	NaN	0.186363777	1.728076715	-1.824739284	0.019694818	1.111997006	-157.7838346
2022-11-30	18:30:00	NaN	NaN	NaN	NaN	NaN	NaN	0.177134652	1.746088782	-1.622059948	0.019957042	1.115139966	-158.7130026
2022-11-30	19:00:00	1.695758041	2.688964638	104902.743	0.167905527	1.764100849	-1.419380612	0.167905527	1.764100849	-1.419380612	0.020205603	1.118315348	-159.5260694
2022-11-30	19:30:00	1.469689617	2.681397031	104891.6681	0.165810234	2.623752463	-1.731090328	0.165810234	2.623752463	-1.731090328	0.020451062	1.123038102	-160.5176935
2022-11-30	20:00:00	NaN	NaN	NaN	NaN	NaN	NaN	0.161882272	3.212131541	-2.072123747	0.020690707	1.128819939	-161.7046726
2022-11-30	20:30:00	NaN	NaN	NaN	NaN	NaN	NaN	0.15795431	3.800510619	-2.413157166	0.020924536	1.135660858	-163.0870065
2022-11-30	21:00:00	NaN	NaN	NaN	NaN	NaN	NaN	0.154026348	4.388889698	-2.754190585	0.021152551	1.14356086	-164.6646953
2022-11-30	21:30:00	1.410160861	2.161940288	104906.7298	0.150098386	4.977268776	-3.095224005	0.150098386	4.977268776	-3.095224005	0.021374751	1.152519943	-166.4377391
2022-11-30	22:00:00	1.808787443	2.339881547	104898.812	0.233324508	1.439763168	-3.221301298	0.233324508	1.439763168	-3.221301298	0.021720156	1.155111517	-168.2830039
2022-11-30	22:30:00	2.444171382	2.482497991	104902.7596	0.228870808	2.652202632	-3.42371705	0.228870808	2.652202632	-3.42371705	0.022058968	1.159885482	-170.244219
2022-11-30	23:00:00	1.908425023	2.427726478	104905.5047	0.121818053	1.914604538	-2.490736878	0.121818053	1.914604538	-2.490736878	0.022239303	1.16333177	-171.6709931
2022-11-30	23:30:00	1.978955287	2.353058325	104901.9069	0.116773203	2.994258565	-3.417977331	0.116773203	2.994258565	-3.417977331	0.02241217	1.168721435	-173.6289203
2022-12-01	00:00:00	2.177068191	2.336979079	104873.0793	0.066373287	1.581105485	-1.844749333	0.066373287	1.581105485	-1.844749333	0.022510426	1.171567425	-174.6856519
2022-12-01	00:30:00	1.302176377	2.304381551	104883.3857	0.049439702	1.482414987	-1.628412471	0.049439702	1.482414987	-1.628412471	0.022583615	1.174235772	-175.6184589
2022-12-01	01:00:00	NaN	NaN	NaN	NaN	NaN	NaN	0.08564112	1.717179137	-1.694694128	0.022710395	1.177326695	-176.5892341
2022-12-01	01:30:00	NaN	NaN	NaN	NaN	NaN	NaN	0.121842537	1.951943287	-1.760975785	0.022890766	1.180840193	-177.5979776
2022-12-01	02:00:00	NaN	NaN	NaN	NaN	NaN	NaN	0.158043954	2.186707437	-1.827257442	0.023124728	1.184776266	-178.6446894
2022-12-01	02:30:00	NaN	NaN	NaN	NaN	NaN	NaN	0.194245372	2.421471587	-1.893539099	0.023412282	1.189134915	-179.7293694
2022-12-01	03:00:00	NaN	NaN	NaN	NaN	NaN	NaN	0.230446789	2.656235736	-1.959820757	0.023753427	1.193916139	-180.8520176
2022-12-01	03:30:00	NaN	NaN	NaN	NaN	NaN	NaN	0.266648207	2.890999886	-2.026102414	0.024148163	1.199119939	-182.0126342
2022-12-01	04:00:00	NaN	NaN	NaN	NaN	NaN	NaN	0.302849624	3.125764036	-2.092384071	0.02459649	1.204746314	-183.211219
2022-12-01	04:30:00	NaN	NaN	NaN	NaN	NaN	NaN	0.339051041	3.360528186	-2.158665728	0.025098409	1.210795265	-184.447772
2022-12-01	05:00:00	NaN	NaN	NaN	NaN	NaN	NaN	0.375252459	3.595292336	-2.224947385	0.025653919	1.217266791	-185.7222934
2022-12-01	05:30:00	NaN	NaN	NaN	NaN	NaN	NaN	0.411453876	3.830056486	-2.291229042	0.02626302	1.224160893	-187.0347829
2022-12-01	06:00:00	NaN	NaN	NaN	NaN	NaN	NaN	0.447655294	4.064820636	-2.357510699	0.026925712	1.23147757	-188.3852408
2022-12-01	06:30:00	NaN	NaN	NaN	NaN	NaN	NaN	0.483856711	4.299584785	-2.423792356	0.027641996	1.239216823	-189.7736669
2022-12-01	07:00:00	NaN	NaN	NaN	NaN	NaN	NaN	0.520058128	4.534348935	-2.490074013	0.02841187	1.247378651	-191.2000613
2022-12-01	07:30:00	NaN	NaN	NaN	NaN	NaN	NaN	0.556259546	4.769113085	-2.55635567	0.029235336	1.255963054	-192.6644239
2022-12-01	08:00:00	NaN	NaN	NaN	NaN	NaN	NaN	0.592460963	5.003877235	-2.622637328	0.030112394	1.264970033	-194.1667548
2022-12-01	08:30:00	NaN	NaN	NaN	NaN	NaN	NaN	0.62866238	5.238641385	-2.688918985	0.031043042	1.274399588	-195.707054
2022-12-01	09:00:00	NaN	NaN	NaN	NaN	NaN	NaN	0.664863798	5.473405535	-2.755200642	0.032027282	1.284251718	-197.2853214
2022-12-01	09:30:00	NaN	NaN	NaN	NaN	NaN	NaN	0.701065215	5.708169684	-2.821482299	0.033065113	1.294526423	-198.9015571
2022-12-01	10:00:00	NaN	NaN	NaN	NaN	NaN	NaN	0.737266633	5.942933834	-2.887763956	0.034156535	1.305223704	-200.555761
2022-12-01	10:30:00	NaN	NaN	NaN	NaN	NaN	NaN	0.77346805	6.177697984	-2.954045613	0.035301548	1.31634356	-202.2479332
2022-12-01	11:00:00	NaN	NaN	NaN	NaN	NaN	NaN	0.809669467	6.412462134	-3.02032727	NaN	NaN	NaN
2022-12-01	11:30:00	NaN	NaN	NaN	NaN	NaN	NaN	0.845870885	6.647226284	-3.086608927	NaN	NaN	NaN
2022-12-01	12:00:00	1.63830311	2.551643884	105049.8444	0.882072302	6.881990434	-3.152890584	0.882072302	6.881990434	-3.152890584	NaN	NaN	NaN
2022-12-01	12:30:00	NaN	NaN	NaN	NaN	NaN	NaN	0.73369093	4.970371003	-3.240137605	NaN	NaN	NaN
2022-12-01	13:00:00	2.057653358	3.057936108	104966.5478	0.585309558	3.058751573	-3.327384626	0.585309558	3.058751573	-3.327384626	NaN	NaN	NaN
2022-12-01	13:30:00	1.892641447	3.38710872	104944.4382	0.31832197	3.037225442	-2.625616795	0.31832197	3.037225442	-2.625616795	NaN	NaN	NaN
2022-12-01	14:00:00	2.205664131	3.31725656	104936.2147	0.131040549	2.708597878	-2.976929144	0.131040549	2.708597878	-2.976929144	NaN	NaN	NaN
2022-12-01	14:30:00	2.2499443	3.042783347	104916.6603	0.069400133	4.12576455	-6.861461516	0.069400133	4.12576455	-6.861461516	NaN	NaN	NaN
2022-12-01	15:00:00	NaN	NaN	NaN	NaN	NaN	NaN	0.071140534	4.07433078	-6.756761485	NaN	NaN	NaN
2022-12-01	15:30:00	NaN	NaN	NaN	NaN	NaN	NaN	0.072880935	4.022897009	-6.652061455	NaN	NaN	NaN
2022-12-01	16:00:00	NaN	NaN	NaN	NaN	NaN	NaN	0.074621336	3.971463239	-6.547361424	NaN	NaN	NaN
2022-12-01	16:30:00	NaN	NaN	NaN	NaN	NaN	NaN	0.076361737	3.920029468	-6.442661393	NaN	NaN	NaN
2022-12-01	17:00:00	NaN	NaN	NaN	NaN	NaN	NaN	0.078102138	3.868595698	-6.337961362	NaN	NaN	NaN
2022-12-01	17:30:00	NaN	NaN	NaN	NaN	NaN	NaN	0.079842538	3.817161928	-6.233261332	NaN	NaN	NaN
2022-12-01	18:00:00	NaN	NaN	NaN	NaN	NaN	NaN	0.081582939	3.765728157	-6.128561301	NaN	NaN	NaN
2022-12-01	18:30:00	NaN	NaN	NaN	NaN	NaN	NaN	0.08332334	3.714294387	-6.02386127	NaN	NaN	NaN
2022-12-01	19:00:00	NaN	NaN	NaN	NaN	NaN	NaN	0.085063741	3.662860617	-5.919161239	NaN	NaN	NaN
2022-12-01	19:30:00	NaN	NaN	NaN	NaN	NaN	NaN	0.086804142	3.611426846	-5.814461208	NaN	NaN	NaN
2022-12-01	20:00:00	NaN	NaN	NaN	NaN	NaN	NaN	0.088544543	3.559993076	-5.709761178	NaN	NaN	NaN
2022-12-01	20:30:00	NaN	NaN	NaN	NaN	NaN	NaN	0.090284944	3.508559306	-5.605061147	NaN	NaN	NaN
2022-12-01	21:00:00	NaN	NaN	NaN	NaN	NaN	NaN	0.092025345	3.457125535	-5.500361116	NaN	NaN	NaN
2022-12-01	21:30:00	NaN	NaN	NaN	NaN	NaN	NaN	0.093765746	3.405691765	-5.395661085	NaN	NaN	NaN
2022-12-01	22:00:00	NaN	NaN	NaN	NaN	NaN	NaN	0.095506147	3.354257994	-5.290961055	NaN	NaN	NaN
2022-12-01	22:30:00	NaN	NaN	NaN	NaN	NaN	NaN	0.097246547	3.302824224	-5.186261024	NaN	NaN	NaN
2022-12-01	23:00:00	NaN	NaN	NaN	NaN	NaN	NaN	0.098986948	3.251390454	-5.081560993	NaN	NaN	NaN
2022-12-01	23:30:00	NaN	NaN	NaN	NaN	NaN	NaN	0.100727349	3.199956683	-4.976860962	NaN	NaN	NaN
2022-12-02	00:00:00	NaN	NaN	NaN	NaN	NaN	NaN	0.10246775	3.148522913	-4.872160932	NaN	NaN	NaN
2022-12-02	00:30:00	NaN	NaN	NaN	NaN	NaN	NaN	0.104208151	3.097089143	-4.767460901	NaN	NaN	NaN
2022-12-02	01:00:00	NaN	NaN	NaN	NaN	NaN	NaN	0.105948552	3.045655372	-4.66276087	NaN	NaN	NaN
2022-12-02	01:30:00	NaN	NaN	NaN	NaN	NaN	NaN	0.107688953	2.994221602	-4.558060839	NaN	NaN	NaN
2022-12-02	02:00:00	NaN	NaN	NaN	NaN	NaN	NaN	0.109429354	2.942787832	-4.453360809	NaN	NaN	NaN
2022-12-02	02:30:00	NaN	NaN	NaN	NaN	NaN	NaN	0.111169755	2.891354061	-4.348660778	NaN	NaN	NaN
2022-12-02	03:00:00	NaN	NaN	NaN	NaN	NaN	NaN	0.112910156	2.839920291	-4.243960747	NaN	NaN	NaN
2022-12-02	03:30:00	NaN	NaN	NaN	NaN	NaN	NaN	0.114650556	2.78848652	-4.139260716	NaN	NaN	NaN
2022-12-02	04:00:00	NaN	NaN	NaN	NaN	NaN	NaN	0.116390957	2.73705275	-4.034560685	NaN	NaN	NaN
2022-12-02	04:30:00	NaN	NaN	NaN	NaN	NaN	NaN	0.118131358	2.68561898	-3.929860655	NaN	NaN	NaN
2022-12-02	05:00:00	NaN	NaN	NaN	NaN	NaN	NaN	0.119871759	2.634185209	-3.825160624	NaN	NaN	NaN
2022-12-02	05:30:00	NaN	NaN	NaN	NaN	NaN	NaN	0.12161216	2.582751439	-3.720460593	NaN	NaN	NaN
2022-12-02	06:00:00	NaN	NaN	NaN	NaN	NaN	NaN	0.123352561	2.531317669	-3.615760562	NaN	NaN	NaN
2022-12-02	06:30:00	NaN	NaN	NaN	NaN	NaN	NaN	0.125092962	2.479883898	-3.511060532	NaN	NaN	NaN
2022-12-02	07:00:00	NaN	NaN	NaN	NaN	NaN	NaN	0.126833363	2.428450128	-3.406360501	NaN	NaN	NaN
2022-12-02	07:30:00	NaN	NaN	NaN	NaN	NaN	NaN	0.128573764	2.377016357	-3.30166047	NaN	NaN	NaN
2022-12-02	08:00:00	NaN	NaN	NaN	NaN	NaN	NaN	0.130314165	2.325582587	-3.196960439	NaN	NaN	NaN
2022-12-02	08:30:00	NaN	NaN	NaN	NaN	NaN	NaN	0.132054565	2.274148817	-3.092260409	NaN	NaN	NaN
2022-12-02	09:00:00	NaN	NaN	NaN	NaN	NaN	NaN	0.133794966	2.222715046	-2.987560378	NaN	NaN	NaN
2022-12-02	09:30:00	1.120069387	2.608456702	105072.0928	0.135535367	2.171281276	-2.882860347	0.135535367	2.171281276	-2.882860347	NaN	NaN	NaN
2022-12-02	10:00:00	1.902641162	2.902586574	105060.831	0.191328978	2.423669653	-2.2421574	0.191328978	2.423669653	-2.2421574	NaN	NaN	NaN
2022-12-02	10:30:00	2.152560248	3.298887608	105069.094	0.150169717	3.579323152	-3.814978326	0.150169717	3.579323152	-3.814978326	NaN	NaN	NaN
2022-12-02	11:00:00	2.022127908	3.408862564	105058.3499	-0.055037666	3.447121333	-4.103987275	-0.055037666	3.447121333	-4.103987275	NaN	NaN	NaN
2022-12-02	11:30:00	2.585755301	3.413166905	105033.6082	-0.177392451	3.664004962	-4.140605501	-0.177392451	3.664004962	-4.140605501	NaN	NaN	NaN
2022-12-02	12:00:00	2.84248968	3.517594592	104991.5697	-0.261979352	3.6904841	-4.852721874	-0.261979352	3.6904841	-4.852721874	NaN	NaN	NaN
2022-12-02	12:30:00	2.568501828	3.628423186	104972.2896	-0.333786278	3.186768028	-3.862197092	-0.333786278	3.186768028	-3.862197092	NaN	NaN	NaN
2022-12-02	13:00:00	3.17687772	3.721117949	104950.0402	-0.413519875	3.426058536	-3.662839265	-0.413519875	3.426058536	-3.662839265	NaN	NaN	NaN
2022-12-02	13:30:00	2.997296457	3.645919765	104947.124	-0.436262977	3.423337525	-4.315880853	-0.436262977	3.423337525	-4.315880853	NaN	NaN	NaN
2022-12-02	14:00:00	2.70154259	3.539130496	104928.0632	-0.537650022	3.906770095	-4.088831521	-0.537650022	3.906770095	-4.088831521	NaN	NaN	NaN
2022-12-02	14:30:00	3.058895993	3.25936585	104958.1915	-0.557914554	4.487940321	-5.578758086	-0.557914554	4.487940321	-5.578758086	NaN	NaN	NaN
2022-12-02	15:00:00	2.495849661	3.091003564	104980.5612	-0.393081872	2.928364076	-4.548720848	-0.393081872	2.928364076	-4.548720848	NaN	NaN	NaN
2022-12-02	15:30:00	2.144186651	2.828821885	105018.7897	-0.296497156	2.655835905	-3.243716607	-0.296497156	2.655835905	-3.243716607	NaN	NaN	NaN
2022-12-02	16:00:00	2.312877196	2.752413275	104972.786	-0.391053051	3.199592944	-4.593663132	-0.391053051	3.199592944	-4.593663132	NaN	NaN	NaN
2022-12-02	16:30:00	2.105100363	2.615254824	104997.1931	-0.67325864	4.626969194	-8.288845572	-0.67325864	4.626969194	-8.288845572	NaN	NaN	NaN
2022-12-02	17:00:00	1.756415932	2.565825895	105011.1344	-0.544505601	4.697872989	-7.280857954	-0.544505601	4.697872989	-7.280857954	NaN	NaN	NaN
2022-12-02	17:30:00	2.834761915	2.724940366	105019.3732	-0.891273592	7.606698617	-14.38350778	-0.891273592	7.606698617	-14.38350778	NaN	NaN	NaN
2022-12-02	18:00:00	2.932111731	2.73642028	105040.6993	-0.633852825	5.460000799	-9.162528197	-0.633852825	5.460000799	-9.162528197	NaN	NaN	NaN
2022-12-02	18:30:00	2.91588655	2.535481176	104995.5011	-0.650879607	5.797324241	-9.262537234	-0.650879607	5.797324241	-9.262537234	NaN	NaN	NaN
2022-12-02	19:00:00	3.042890314	2.300332949	105005.9175	-0.903046351	9.047332369	-12.20521998	-0.903046351	9.047332369	-12.20521998	NaN	NaN	NaN
2022-12-02	19:30:00	2.273227416	1.872752499	105033.2564	-0.535919912	5.797543396	-8.802586785	-0.535919912	5.797543396	-8.802586785	NaN	NaN	NaN
2022-12-02	20:00:00	1.764440705	1.705085652	105022.2906	-0.48929634	5.752419394	-7.870592137	-0.48929634	5.752419394	-7.870592137	NaN	NaN	NaN
2022-12-02	20:30:00	NaN	NaN	NaN	NaN	NaN	NaN	-0.434461282	5.736291185	-7.543336413	NaN	NaN	NaN
2022-12-02	21:00:00	NaN	NaN	NaN	NaN	NaN	NaN	-0.379626224	5.720162976	-7.21608069	NaN	NaN	NaN
2022-12-02	21:30:00	NaN	NaN	NaN	NaN	NaN	NaN	-0.324791167	5.704034767	-6.888824967	NaN	NaN	NaN
2022-12-02	22:00:00	NaN	NaN	NaN	NaN	NaN	NaN	-0.269956109	5.687906558	-6.561569243	NaN	NaN	NaN
2022-12-02	22:30:00	NaN	NaN	NaN	NaN	NaN	NaN	-0.215121052	5.671778349	-6.23431352	NaN	NaN	NaN
2022-12-02	23:00:00	NaN	NaN	NaN	NaN	NaN	NaN	-0.160285994	5.65565014	-5.907057796	NaN	NaN	NaN
2022-12-02	23:30:00	NaN	NaN	NaN	NaN	NaN	NaN	-0.105450936	5.639521931	-5.579802073	NaN	NaN	NaN
2022-12-03	00:00:00	NaN	NaN	NaN	NaN	NaN	NaN	-0.050615879	5.623393722	-5.25254635	NaN	NaN	NaN
2022-12-03	00:30:00	NaN	NaN	NaN	NaN	NaN	NaN	0.004219179	5.607265512	-4.925290626	NaN	NaN	NaN
2022-12-03	01:00:00	1.709450994	1.904515565	105088.8597	0.059054237	5.591137303	-4.598034903	0.059054237	5.591137303	-4.598034903	NaN	NaN	NaN
2022-12-03	01:30:00	2.08295916	1.895316633	105058.6313	0.057424461	2.206072348	-2.457244664	0.057424461	2.206072348	-2.457244664	NaN	NaN	NaN
2022-12-03	02:00:00	1.690553429	1.581656993	105005.7517	-0.023860173	1.541214775	-1.77536882	-0.023860173	1.541214775	-1.77536882	NaN	NaN	NaN
2022-12-03	02:30:00	1.065023446	1.175526205	104999.993	-0.035408139	1.316811009	-1.262572128	-0.035408139	1.316811009	-1.262572128	NaN	NaN	NaN
2022-12-03	03:00:00	1.10393499	1.216679601	104988.8131	-0.062611026	1.599093334	-2.228998236	-0.062611026	1.599093334	-2.228998236	NaN	NaN	NaN
2022-12-03	03:30:00	1.179845813	1.298280032	104991.713	-0.060315812	1.380816435	-2.202661052	-0.060315812	1.380816435	-2.202661052	NaN	NaN	NaN
2022-12-03	04:00:00	0.8216125	1.483608128	104963.7089	-0.048045606	1.497935718	-1.109694057	-0.048045606	1.497935718	-1.109694057	NaN	NaN	NaN
2022-12-03	04:30:00	1.160172687	1.580761006	104983.4556	-0.098439385	2.503040241	-2.571200853	-0.098439385	2.503040241	-2.571200853	NaN	NaN	NaN
2022-12-03	05:00:00	1.634719126	1.640038429	104988.9813	-0.11888513	2.579021301	-3.69431012	-0.11888513	2.579021301	-3.69431012	NaN	NaN	NaN
2022-12-03	05:30:00	1.559830449	1.532410274	104947.1606	-0.222603528	4.319712344	-5.374890093	-0.222603528	4.319712344	-5.374890093	NaN	NaN	NaN
2022-12-03	06:00:00	NaN	NaN	NaN	NaN	NaN	NaN	-0.183248728	3.941079473	-4.768389379	NaN	NaN	NaN
2022-12-03	06:30:00	NaN	NaN	NaN	NaN	NaN	NaN	-0.143893928	3.562446601	-4.161888665	NaN	NaN	NaN
2022-12-03	07:00:00	NaN	NaN	NaN	NaN	NaN	NaN	-0.104539128	3.18381373	-3.55538795	NaN	NaN	NaN
2022-12-03	07:30:00	NaN	NaN	NaN	NaN	NaN	NaN	-0.065184328	2.805180859	-2.948887236	NaN	NaN	NaN
2022-12-03	08:00:00	1.727372646	1.62767681	104924.9738	-0.025829528	2.426547987	-2.342386521	-0.025829528	2.426547987	-2.342386521	NaN	NaN	NaN
2022-12-03	08:30:00	1.948356672	1.796049383	104900.0699	-0.131943027	3.692369889	-3.099041888	-0.131943027	3.692369889	-3.099041888	NaN	NaN	NaN
2022-12-03	09:00:00	1.653964641	1.743601496	104905.5591	-0.203437645	3.469682211	-3.140527904	-0.203437645	3.469682211	-3.140527904	NaN	NaN	NaN
2022-12-03	09:30:00	1.601580711	1.733584041	104905.5422	-0.35051135	5.897493098	-4.394393306	-0.35051135	5.897493098	-4.394393306	NaN	NaN	NaN
2022-12-03	10:00:00	1.992549663	1.742734777	104895.4531	-0.156077141	2.698136121	-2.666108887	-0.156077141	2.698136121	-2.666108887	NaN	NaN	NaN
2022-12-03	10:30:00	2.130871248	1.59048042	104899.0035	-0.356022468	5.307896829	-5.833596356	-0.356022468	5.307896829	-5.833596356	NaN	NaN	NaN
2022-12-03	11:00:00	1.422976214	1.544325505	104883.3124	-0.093386879	1.577653475	-1.48765614	-0.093386879	1.577653475	-1.48765614	NaN	NaN	NaN
2022-12-03	11:30:00	2.076904865	1.652401356	104833.3869	-0.09646347	1.699464887	-1.552078026	-0.09646347	1.699464887	-1.552078026	NaN	NaN	NaN
2022-12-03	12:00:00	1.511762009	1.469683184	104847.2322	-0.070961253	1.228244916	-1.461443624	-0.070961253	1.228244916	-1.461443624	NaN	NaN	NaN
2022-12-03	12:30:00	2.060217008	1.295104771	104747.3144	-0.108361124	1.813272473	-1.72613109	-0.108361124	1.813272473	-1.72613109	NaN	NaN	NaN
2022-12-03	13:00:00	2.667784317	1.199220611	104736.1572	-0.199759557	3.192196612	-3.23710821	-0.199759557	3.192196612	-3.23710821	NaN	NaN	NaN
2022-12-03	13:30:00	1.975880251	1.09891261	104709.838	-0.113603681	1.694062529	-2.374678754	-0.113603681	1.694062529	-2.374678754	NaN	NaN	NaN
2022-12-03	14:00:00	1.631695542	0.347759049	104677.6709	-0.080314635	1.158024184	-1.595885787	-0.080314635	1.158024184	-1.595885787	NaN	NaN	NaN
2022-12-03	14:30:00	1.420921702	0.336573057	104623.2636	-0.0653094	0.846023138	-1.302411769	-0.0653094	0.846023138	-1.302411769	NaN	NaN	NaN
2022-12-03	15:00:00	NaN	NaN	NaN	NaN	NaN	NaN	-0.08683491	1.342113743	-1.855782315	NaN	NaN	NaN
2022-12-03	15:30:00	2.090226586	0.820939205	104589.6775	-0.108360419	1.838204348	-2.409152862	-0.108360419	1.838204348	-2.409152862	NaN	NaN	NaN
2022-12-03	16:00:00	1.605921688	0.926124139	104529.8536	-0.112938125	1.923126472	-2.236683832	-0.112938125	1.923126472	-2.236683832	NaN	NaN	NaN
2022-12-03	16:30:00	NaN	NaN	NaN	NaN	NaN	NaN	-0.185043337	3.492327308	-3.84408745	NaN	NaN	NaN
2022-12-03	17:00:00	1.886352698	1.245893581	104538.8442	-0.257148548	5.061528143	-5.451491067	-0.257148548	5.061528143	-5.451491067	NaN	NaN	NaN
2022-12-03	17:30:00	2.212706947	1.444594415	104531.0768	-0.154885146	2.45281259	-3.230458006	-0.154885146	2.45281259	-3.230458006	NaN	NaN	NaN
2022-12-03	18:00:00	2.726725073	1.43160826	104549.6628	-0.147420808	2.560144993	-2.137033393	-0.147420808	2.560144993	-2.137033393	NaN	NaN	NaN
2022-12-03	18:30:00	3.101242907	0.94447065	104561.2334	-0.212085627	3.325779876	-4.756661795	-0.212085627	3.325779876	-4.756661795	NaN	NaN	NaN
2022-12-03	19:00:00	3.192327745	0.843130593	104516.436	-0.187164468	3.292402121	-4.743339353	-0.187164468	3.292402121	-4.743339353	NaN	NaN	NaN
2022-12-03	19:30:00	2.045477063	0.671722463	104505.6751	-0.158277183	3.883752057	-3.247903858	-0.158277183	3.883752057	-3.247903858	NaN	NaN	NaN
2022-12-03	20:00:00	1.899349875	0.848187373	104469.4706	-0.093088946	2.80787901	-2.399619683	-0.093088946	2.80787901	-2.399619683	NaN	NaN	NaN
2022-12-03	20:30:00	2.53534501	1.201643324	104444.2003	-0.128557953	1.965488887	-2.917850902	-0.128557953	1.965488887	-2.917850902	NaN	NaN	NaN
2022-12-03	21:00:00	2.653283096	1.340813551	104455.6935	-0.174473609	2.977949442	-2.634009502	-0.174473609	2.977949442	-2.634009502	NaN	NaN	NaN
2022-12-03	21:30:00	2.267092235	0.607464587	104452.8663	-0.058028149	0.836616502	-1.063123369	-0.058028149	0.836616502	-1.063123369	NaN	NaN	NaN
2022-12-03	22:00:00	2.407723736	0.625927053	104516.24	-0.210064199	3.379516642	-3.842291294	-0.210064199	3.379516642	-3.842291294	NaN	NaN	NaN
2022-12-03	22:30:00	2.548370969	0.744824064	104441.8503	-0.246693166	4.686339936	-3.960462399	-0.246693166	4.686339936	-3.960462399	NaN	NaN	NaN
2022-12-03	23:00:00	1.997889491	1.03202517	104439.0142	-0.159663316	3.625888898	-2.446377655	-0.159663316	3.625888898	-2.446377655	NaN	NaN	NaN
2022-12-03	23:30:00	1.843142899	1.258225034	104452.833	-0.146176003	3.071722646	-3.591079281	-0.146176003	3.071722646	-3.591079281	NaN	NaN	NaN
2022-12-04	00:00:00	NaN	NaN	NaN	NaN	NaN	NaN	-0.125919646	2.327441624	-2.949161126	NaN	NaN	NaN
2022-12-04	00:30:00	1.963957226	1.212301346	104488.918	-0.105663289	1.583160601	-2.307242971	-0.105663289	1.583160601	-2.307242971	NaN	NaN	NaN
2022-12-04	01:00:00	1.974447907	1.314546503	104436.0664	-0.115363839	2.039847924	-2.032244689	-0.115363839	2.039847924	-2.032244689	NaN	NaN	NaN
2022-12-04	01:30:00	2.999191066	1.326943067	104444.3765	-0.177514727	2.641965402	-3.237389388	-0.177514727	2.641965402	-3.237389388	NaN	NaN	NaN
2022-12-04	02:00:00	2.422963473	0.997898123	104426.8154	-0.147793724	2.408495018	-2.531320554	-0.147793724	2.408495018	-2.531320554	NaN	NaN	NaN
2022-12-04	02:30:00	2.086815549	0.992591738	104456.5807	-0.126020435	1.752057189	-1.883378674	-0.126020435	1.752057189	-1.883378674	NaN	NaN	NaN
2022-12-04	03:00:00	1.918432579	1.037434661	104437.7533	-0.128449758	2.09825384	-1.880085107	-0.128449758	2.09825384	-1.880085107	NaN	NaN	NaN
2022-12-04	03:30:00	2.174371577	1.238042249	104423.4288	-0.201591853	2.945821451	-4.668200496	-0.201591853	2.945821451	-4.668200496	NaN	NaN	NaN
2022-12-04	04:00:00	2.035249517	1.274742743	104433.3229	-0.134006916	2.092060346	-2.511165402	-0.134006916	2.092060346	-2.511165402	NaN	NaN	NaN
2022-12-04	04:30:00	1.895705222	1.281162953	104430.6215	-0.102169336	1.592218516	-2.18522173	-0.102169336	1.592218516	-2.18522173	NaN	NaN	NaN
2022-12-04	05:00:00	2.288673535	1.243313868	104419.5119	-0.16457133	2.173381503	-3.099683257	-0.16457133	2.173381503	-3.099683257	NaN	NaN	NaN
2022-12-04	05:30:00	2.303541373	1.081791645	104419.4721	-0.171241074	2.688959897	-3.478934471	-0.171241074	2.688959897	-3.478934471	NaN	NaN	NaN
2022-12-04	06:00:00	1.511726899	1.112123225	104427.8341	-0.085334132	1.408899612	-1.680858894	-0.085334132	1.408899612	-1.680858894	NaN	NaN	NaN
2022-12-04	06:30:00	1.15848069	0.946104428	104458.4213	-0.05644303	0.865604322	-0.956587403	-0.05644303	0.865604322	-0.956587403	NaN	NaN	NaN
2022-12-04	07:00:00	1.936123411	1.254439978	104458.2745	-0.110183696	2.074524009	-2.25205643	-0.110183696	2.074524009	-2.25205643	NaN	NaN	NaN
2022-12-04	07:30:00	2.438640267	1.580939203	104452.8127	-0.204485951	3.318581826	-4.576387033	-0.204485951	3.318581826	-4.576387033	NaN	NaN	NaN
2022-12-04	08:00:00	2.568581023	1.641156144	104461.7204	-0.228837898	3.432811712	-4.55467158	-0.228837898	3.432811712	-4.55467158	NaN	NaN	NaN
2022-12-04	08:30:00	2.781235607	1.699767466	104519.287	-0.216874682	2.988853274	-4.542157567	-0.216874682	2.988853274	-4.542157567	NaN	NaN	NaN
2022-12-04	09:00:00	3.006595469	1.691153564	104521.7534	-0.206734228	3.394003918	-3.168521461	-0.206734228	3.394003918	-3.168521461	NaN	NaN	NaN
2022-12-04	09:30:00	2.918746025	1.711078993	104474.9214	-0.229685984	3.500612616	-4.418900871	-0.229685984	3.500612616	-4.418900871	NaN	NaN	NaN
2022-12-04	10:00:00	3.125442092	1.797033178	104536.0871	-0.310417814	4.357815485	-4.551635581	-0.310417814	4.357815485	-4.551635581	NaN	NaN	NaN
2022-12-04	10:30:00	3.042063817	1.889980415	104447.2144	-0.257136082	3.625586273	-4.601199442	-0.257136082	3.625586273	-4.601199442	NaN	NaN	NaN
2022-12-04	11:00:00	3.459036578	2.069858766	104447.2295	-0.257109713	3.522260271	-4.194356579	-0.257109713	3.522260271	-4.194356579	NaN	NaN	NaN
2022-12-04	11:30:00	3.252726928	2.121552472	104452.7861	-0.219847064	3.200939481	-3.387679861	-0.219847064	3.200939481	-3.387679861	NaN	NaN	NaN
2022-12-04	12:00:00	3.267426692	2.183776417	104430.5633	-0.270813167	3.681847704	-3.61316934	-0.270813167	3.681847704	-3.61316934	NaN	NaN	NaN
2022-12-04	12:30:00	3.225747452	2.253441677	104447.2325	-0.247097155	3.353615026	-4.223442801	-0.247097155	3.353615026	-4.223442801	NaN	NaN	NaN
2022-12-04	13:00:00	3.279252462	2.216344398	104419.4655	-0.318258202	3.88080007	-4.811790958	-0.318258202	3.88080007	-4.811790958	NaN	NaN	NaN
2022-12-04	13:30:00	2.982775098	2.133719864	104413.9088	-0.291863894	3.229176682	-4.924285153	-0.291863894	3.229176682	-4.924285153	NaN	NaN	NaN
2022-12-04	14:00:00	3.388505196	2.098217621	104433.2972	-0.395450132	4.86042089	-5.010349434	-0.395450132	4.86042089	-5.010349434	NaN	NaN	NaN
2022-12-04	14:30:00	3.252733828	1.986064897	104408.3744	-0.300823326	3.887413779	-4.203690007	-0.300823326	3.887413779	-4.203690007	NaN	NaN	NaN
2022-12-04	15:00:00	3.410339767	1.989351942	104419.4941	-0.313505582	3.911736713	-4.526785941	-0.313505582	3.911736713	-4.526785941	NaN	NaN	NaN
2022-12-04	15:30:00	3.103049745	1.971892591	104433.338	-0.359518781	4.317305059	-6.062794714	-0.359518781	4.317305059	-6.062794714	NaN	NaN	NaN
2022-12-04	16:00:00	3.34411178	1.947196239	104441.8065	-0.465186121	3.985303355	-7.00135879	-0.465186121	3.985303355	-7.00135879	NaN	NaN	NaN
2022-12-04	16:30:00	3.123501762	1.952954911	104411.1499	-0.360900307	2.561756795	-6.261615473	-0.360900307	2.561756795	-6.261615473	NaN	NaN	NaN
2022-12-04	17:00:00	3.02340717	1.960909663	104419.5352	-0.296769516	3.952866391	-4.580331744	-0.296769516	3.952866391	-4.580331744	NaN	NaN	NaN
2022-12-04	17:30:00	3.076560734	1.929456351	104438.877	-0.300517364	3.602492474	-4.034882379	-0.300517364	3.602492474	-4.034882379	NaN	NaN	NaN
2022-12-04	18:00:00	3.175227029	1.988420151	104434.8727	-0.43376393	5.351319763	-8.806284023	-0.43376393	5.351319763	-8.806284023	NaN	NaN	NaN
2022-12-04	18:30:00	2.695597115	1.981832192	104437.4616	-0.270156272	3.771805281	-4.58388795	-0.270156272	3.771805281	-4.58388795	NaN	NaN	NaN
2022-12-04	19:00:00	2.547214143	2.033489225	104438.8216	-0.341288689	4.682986086	-6.448694001	-0.341288689	4.682986086	-6.448694001	NaN	NaN	NaN
2022-12-04	19:30:00	2.686366098	2.174080797	104436.1665	-0.371421452	4.727787633	-6.638244498	-0.371421452	4.727787633	-6.638244498	NaN	NaN	NaN
2022-12-04	20:00:00	2.697832813	2.273663588	104480.4821	-0.284632854	4.191742271	-5.050857621	-0.284632854	4.191742271	-5.050857621	NaN	NaN	NaN
2022-12-04	20:30:00	2.743179071	2.302960579	104461.1599	-0.35475262	5.03591989	-6.483424796	-0.35475262	5.03591989	-6.483424796	NaN	NaN	NaN
2022-12-04	21:00:00	2.662721383	2.36036134	104461.0921	-0.388883576	4.762972683	-8.041291215	-0.388883576	4.762972683	-8.041291215	NaN	NaN	NaN
2022-12-04	21:30:00	2.852415991	2.383502675	104453.6345	-0.477024335	5.459723513	-8.910274922	-0.477024335	5.459723513	-8.910274922	NaN	NaN	NaN
2022-12-04	22:00:00	2.894423855	2.450937576	104460.1207	-0.421332792	5.334791718	-7.498542365	-0.421332792	5.334791718	-7.498542365	NaN	NaN	NaN
2022-12-04	22:30:00	2.772722898	2.519762354	104442.4967	-0.272343715	4.696183989	-6.37271396	-0.272343715	4.696183989	-6.37271396	NaN	NaN	NaN
2022-12-04	23:00:00	2.638387518	2.501397267	104440.9255	-0.350772958	4.692404901	-8.176142261	-0.350772958	4.692404901	-8.176142261	NaN	NaN	NaN
2022-12-04	23:30:00	2.636749143	2.526055639	104430.5281	-0.374299043	4.948358953	-8.336105354	-0.374299043	4.948358953	-8.336105354	NaN	NaN	NaN
2022-12-05	00:00:00	2.658206621	2.560092221	104428.3124	-0.430843186	5.467879706	-9.797949385	-0.430843186	5.467879706	-9.797949385	NaN	NaN	NaN
2022-12-05	00:30:00	2.599266068	2.611531176	104446.7286	-0.238752083	3.834103605	-5.711045356	-0.238752083	3.834103605	-5.711045356	NaN	NaN	NaN
2022-12-05	01:00:00	2.853297288	2.582717771	104427.772	-0.318916861	5.161860735	-5.776929435	-0.318916861	5.161860735	-5.776929435	NaN	NaN	NaN
2022-12-05	01:30:00	2.66825357	2.299864105	104411.1092	-0.285763167	4.25534863	-5.435138718	-0.285763167	4.25534863	-5.435138718	NaN	NaN	NaN
2022-12-05	02:00:00	3.014610507	2.21664978	104402.7426	-0.36978079	5.636982617	-7.706058794	-0.36978079	5.636982617	-7.706058794	NaN	NaN	NaN
2022-12-05	02:30:00	2.647442183	2.264770956	104391.6664	-0.296907254	5.91351693	-6.409066098	-0.296907254	5.91351693	-6.409066098	NaN	NaN	NaN
2022-12-05	03:00:00	NaN	NaN	NaN	NaN	NaN	NaN	-0.314003509	6.341696168	-6.978127655	NaN	NaN	NaN
2022-12-05	03:30:00	NaN	NaN	NaN	NaN	NaN	NaN	-0.331099765	6.769875406	-7.547189212	NaN	NaN	NaN
2022-12-05	04:00:00	NaN	NaN	NaN	NaN	NaN	NaN	-0.34819602	7.198054644	-8.116250769	NaN	NaN	NaN
2022-12-05	04:30:00	NaN	NaN	NaN	NaN	NaN	NaN	-0.365292276	7.626233882	-8.685312326	NaN	NaN	NaN
2022-12-05	05:00:00	2.861508869	2.482156753	104380.5458	-0.382388531	8.05441312	-9.254373882	-0.382388531	8.05441312	-9.254373882	NaN	NaN	NaN
2022-12-05	05:30:00	NaN	NaN	NaN	NaN	NaN	NaN	-0.308237776	6.36078208	-7.75009839	NaN	NaN	NaN
2022-12-05	06:00:00	2.824075802	2.476815703	104375.0577	-0.234087021	4.667151039	-6.245822898	-0.234087021	4.667151039	-6.245822898	NaN	NaN	NaN
2022-12-05	06:30:00	3.041637461	2.558615471	104386.1407	-0.196244684	4.49787499	-6.930742959	-0.196244684	4.49787499	-6.930742959	NaN	NaN	NaN
2022-12-05	07:00:00	3.214208092	2.511282338	104339.012	-0.216296897	4.648826143	-6.827639171	-0.216296897	4.648826143	-6.827639171	NaN	NaN	NaN
2022-12-05	07:30:00	3.180239705	2.415345237	104361.021	-0.348322553	5.823179965	-7.327553777	-0.348322553	5.823179965	-7.327553777	NaN	NaN	NaN
2022-12-05	08:00:00	NaN	NaN	NaN	NaN	NaN	NaN	-0.480348209	6.997533787	-7.827468383	NaN	NaN	NaN
2022-12-05	08:30:00	NaN	NaN	NaN	NaN	NaN	NaN	-0.612373864	8.171887608	-8.327382989	NaN	NaN	NaN
2022-12-05	09:00:00	NaN	NaN	NaN	NaN	NaN	NaN	-0.74439952	9.34624143	-8.827297596	NaN	NaN	NaN
2022-12-05	09:30:00	NaN	NaN	NaN	NaN	NaN	NaN	-0.876425175	10.52059525	-9.327212202	NaN	NaN	NaN
2022-12-05	10:00:00	NaN	NaN	NaN	NaN	NaN	NaN	-1.008450831	11.69494907	-9.827126808	NaN	NaN	NaN
2022-12-05	10:30:00	NaN	NaN	NaN	NaN	NaN	NaN	-1.140476487	12.8693029	-10.32704141	NaN	NaN	NaN
2022-12-05	11:00:00	NaN	NaN	NaN	NaN	NaN	NaN	-1.272502142	14.04365672	-10.82695602	NaN	NaN	NaN
